  -1.0427546e+00   1.0656888e+00   1.0000000e+00
  -1.4391069e+00  -9.8107880e-01   1.0000000e+00
   4.0146992e-01  -3.6671570e-01   1.0000000e+00
  -1.4481822e+00   9.5622552e-01   1.0000000e+00
  -1.0282574e+00  -1.2336400e+00   1.0000000e+00
   1.1018556e+00   4.3448586e-01   1.0000000e+00
  -1.3552347e+00  -8.0100150e-01   1.0000000e+00
  -1.1050854e+00   1.6304087e+00   1.0000000e+00
   1.0984988e+00  -1.8812190e-02   1.0000000e+00
  -9.3187248e-01  -1.1580041e+00   1.0000000e+00
   1.4394122e+00   6.3290014e-01   1.0000000e+00
   4.0619186e-01   3.9114474e-01   1.0000000e+00
   3.7806145e-01  -9.7757956e-01   1.0000000e+00
  -2.4805932e-01  -8.8848376e-01   1.0000000e+00
  -1.1495395e+00   2.4810933e-01   1.0000000e+00
   3.8658870e-01   1.8491654e+00   1.0000000e+00
   1.6645052e+00   4.2480614e-01   1.0000000e+00
  -1.6986492e+00   1.1143934e-01   1.0000000e+00
  -1.0229700e+00  -7.8306535e-01   1.0000000e+00
  -6.7695889e-01  -6.7735744e-01   1.0000000e+00
  -3.8595099e-02  -1.8565394e+00   1.0000000e+00
  -1.5996040e+00  -5.5971601e-02   1.0000000e+00
  -1.8337800e+00  -3.3490557e-01   1.0000000e+00
   2.0628542e-02   1.7452915e+00   1.0000000e+00
  -2.9234792e-01   1.8487680e+00   1.0000000e+00
   9.9926014e-01   1.4443420e+00   1.0000000e+00
  -1.2200477e+00   1.1544189e+00   1.0000000e+00
   4.4845834e-01   1.7149615e+00   1.0000000e+00
   6.0559789e-01   1.4013084e+00   1.0000000e+00
  -8.3781689e-01   1.7050251e-01   1.0000000e+00
   1.9069271e+00  -2.2691988e-01   1.0000000e+00
   1.1583701e+00  -1.0051964e+00   1.0000000e+00
   2.1872659e-01  -1.0684689e+00   1.0000000e+00
   6.8519531e-01  -5.0661074e-02   1.0000000e+00
   1.2358374e+00  -1.4687327e+00   1.0000000e+00
  -1.8575916e+00   2.1563630e-02   1.0000000e+00
   3.9002993e-01   1.1199665e+00   1.0000000e+00
   2.8636424e-01  -1.6484658e+00   1.0000000e+00
   1.2261094e+00  -2.9182419e-01   1.0000000e+00
  -6.7004772e-02   1.8788942e+00   1.0000000e+00
   1.1340696e+00  -6.9203817e-01   1.0000000e+00
  -1.9190382e+00  -4.9930413e-01   1.0000000e+00
  -5.6627383e-01   5.4772698e-01   1.0000000e+00
   8.8514810e-01   1.5405395e+00   1.0000000e+00
   3.1820476e-01   3.0322811e-01   1.0000000e+00
   7.8838861e-01  -2.8618623e-01   1.0000000e+00
  -1.5259780e+00   4.1600424e-01   1.0000000e+00
   1.4308361e+00  -1.0497847e+00   1.0000000e+00
   9.7100708e-01   7.7387901e-01   1.0000000e+00
  -1.6345215e+00  -9.5894146e-01   1.0000000e+00
  -1.1657306e+00  -1.6117449e+00   1.0000000e+00
   8.2720346e-01  -1.7566323e-02   1.0000000e+00
   8.4446168e-01  -3.0320210e-01   1.0000000e+00
  -6.8388752e-01  -8.7611066e-01   1.0000000e+00
   9.9543404e-02  -1.8143948e+00   1.0000000e+00
   1.1783016e+00  -1.3512482e+00   1.0000000e+00
  -2.5078871e-01  -5.9173299e-01   1.0000000e+00
   1.3962952e+00   1.0946745e+00   1.0000000e+00
   6.0438952e-02   4.9227110e-01   1.0000000e+00
   2.3173819e-01  -1.5675737e+00   1.0000000e+00
   8.2947495e-01  -1.5853583e+00   1.0000000e+00
  -1.3185775e+00  -2.8931329e-01   1.0000000e+00
  -4.8593197e-01   1.7452707e+00   1.0000000e+00
   5.2769740e-01   3.2204993e-01   1.0000000e+00
   7.3124779e-01  -1.2032148e+00   1.0000000e+00
   1.4514999e+00   8.5757787e-01   1.0000000e+00
   4.3052991e-01  -3.1227522e-01   1.0000000e+00
  -1.5452917e+00   4.0498938e-01   1.0000000e+00
   6.9433507e-01  -4.9861927e-01   1.0000000e+00
  -1.5896884e+00   1.1754931e+00   1.0000000e+00
   8.0729919e-01   1.2072296e+00   1.0000000e+00
   9.9683848e-01  -1.6453752e+00   1.0000000e+00
   1.0268940e+00  -1.1122692e-01   1.0000000e+00
   1.0066810e+00  -7.7089238e-02   1.0000000e+00
  -1.5182130e+00  -6.8603372e-01   1.0000000e+00
   9.7493992e-01  -1.2262501e+00   1.0000000e+00
   1.3862169e+00   1.1081841e+00   1.0000000e+00
   1.5055785e+00  -6.6521256e-01   1.0000000e+00
  -3.9142415e-01   1.6653490e+00   1.0000000e+00
  -7.3870309e-01   2.8722928e-01   1.0000000e+00
  -3.7275676e-01  -1.5402318e+00   1.0000000e+00
  -1.8003222e+00  -4.1330643e-01   1.0000000e+00
   5.4534293e-01   8.0196404e-02   1.0000000e+00
   1.6723856e+00   6.1625787e-01   1.0000000e+00
   2.8538159e-01  -5.4159117e-01   1.0000000e+00
  -1.2476017e-01  -1.0705052e+00   1.0000000e+00
   4.4671180e-01   2.6212063e-01   1.0000000e+00
   1.4164358e+00   6.9392405e-01   1.0000000e+00
   1.2608652e+00   1.4420713e+00   1.0000000e+00
   1.2586291e+00   1.5228439e+00   1.0000000e+00
   9.6288265e-01   6.7149697e-02   1.0000000e+00
   1.0323675e+00   5.1460065e-02   1.0000000e+00
   3.0523176e-01   4.0707337e-01   1.0000000e+00
  -1.5270552e+00   1.6839626e-01   1.0000000e+00
   4.4757033e-01   3.2961600e-02   1.0000000e+00
  -1.9609656e+00  -3.0160916e-01   1.0000000e+00
   2.1041169e-01   2.1979974e-01   1.0000000e+00
   3.7470616e-01  -8.8829171e-03   1.0000000e+00
  -2.9265342e-01   1.4100233e+00   1.0000000e+00
  -1.0679505e+00   6.2605278e-01   1.0000000e+00
   9.6465960e-01   1.7350184e-01   1.0000000e+00
   3.7716445e-01  -1.3686932e+00   1.0000000e+00
   8.5091489e-02   1.6253397e-01   1.0000000e+00
   1.2588794e+00  -5.5216121e-01   1.0000000e+00
  -7.2174444e-01  -1.2004947e-01   1.0000000e+00
  -5.2621884e-01   1.1942073e+00   1.0000000e+00
  -8.3337182e-01  -2.6164259e-01   1.0000000e+00
  -1.4454513e+00   6.7071058e-01   1.0000000e+00
  -2.0039552e-01   1.0951747e+00   1.0000000e+00
  -7.9610032e-01   8.8982674e-01   1.0000000e+00
   3.0180226e-01  -1.0242918e-01   1.0000000e+00
   6.4662988e-02   8.1199961e-01   1.0000000e+00
   8.6248263e-01   1.9043036e-01   1.0000000e+00
   7.2540746e-01   2.9584154e-01   1.0000000e+00
   4.3090704e-01  -1.0876325e+00   1.0000000e+00
   5.1562245e-01   1.5101766e+00   1.0000000e+00
   1.9969437e-01  -4.8741852e-01   1.0000000e+00
  -5.9228609e-01  -1.8892597e+00   1.0000000e+00
   8.1457817e-01  -6.4687717e-01   1.0000000e+00
  -5.2857052e-01  -1.4161175e+00   1.0000000e+00
  -1.8542678e+00  -5.2419952e-01   1.0000000e+00
  -1.5607194e+00  -6.3774203e-01   1.0000000e+00
  -1.1267376e+00  -1.1051057e+00   1.0000000e+00
  -7.1279804e-01  -2.6758944e-02   1.0000000e+00
  -2.7019070e-01   1.4924996e+00   1.0000000e+00
  -2.6314816e-01   2.0543951e-03   1.0000000e+00
   1.5341015e+00   3.5465004e-01   1.0000000e+00
   1.0423109e+00   1.0243339e+00   1.0000000e+00
  -9.3877547e-01  -2.2098595e-01   1.0000000e+00
   1.0522842e+00  -3.4649171e-01   1.0000000e+00
   7.5136910e-01  -7.1411276e-01   1.0000000e+00
  -5.1381442e-01   1.4418264e+00   1.0000000e+00
  -8.2281985e-02   6.4279784e-02   1.0000000e+00
   1.0279461e+00   1.1147946e-01   1.0000000e+00
   9.5226867e-01   3.9050219e-01   1.0000000e+00
   4.8100009e-01   1.0595103e+00   1.0000000e+00
  -1.7506604e+00   4.9507081e-01   1.0000000e+00
   1.7323967e+00  -1.1621902e-01   1.0000000e+00
  -1.4625528e+00  -1.3634644e+00   1.0000000e+00
  -6.3342000e-01  -1.6728317e+00   1.0000000e+00
   1.0182364e-01   7.6299216e-01   1.0000000e+00
   8.8617593e-01   6.4754216e-01   1.0000000e+00
   2.4625856e-01  -9.4198956e-01   1.0000000e+00
   1.5067460e+00   3.5099272e-01   1.0000000e+00
  -4.2988623e-01  -5.1029875e-01   1.0000000e+00
   8.4537123e-01   7.8798854e-01   1.0000000e+00
   2.7607901e-01  -1.4193004e+00   1.0000000e+00
  -1.8254915e+00   8.5410776e-02   1.0000000e+00
   5.5307482e-01   4.8385153e-01   1.0000000e+00
  -8.6168839e-01  -1.1723800e+00   1.0000000e+00
  -1.1768605e-02  -1.3008843e+00   1.0000000e+00
   3.5443050e-01  -6.9272219e-01   1.0000000e+00
  -7.1771202e-01  -6.6009410e-02   1.0000000e+00
   9.6176650e-01  -1.5706141e+00   1.0000000e+00
   7.1712848e-01  -1.1961924e+00   1.0000000e+00
  -1.7602756e+00  -8.1339689e-01   1.0000000e+00
   1.7303025e+00  -2.3692844e-01   1.0000000e+00
   1.8266524e+00   6.0156363e-01   1.0000000e+00
   8.1636794e-01   7.3048960e-01   1.0000000e+00
  -3.6397923e-01  -2.9650583e-02   1.0000000e+00
   8.6059833e-01   1.2128656e+00   1.0000000e+00
  -9.5014569e-01   1.1436737e+00   1.0000000e+00
  -1.2309689e+00   1.4523243e+00   1.0000000e+00
   7.1218323e-01  -6.1927520e-01   1.0000000e+00
   1.7323272e+00   8.6699069e-01   1.0000000e+00
  -7.9765260e-01   3.7674382e-01   1.0000000e+00
   1.4883144e+00   1.1632714e+00   1.0000000e+00
   1.3430644e+00   8.4074375e-01   1.0000000e+00
  -9.6947411e-01  -7.1914580e-02   1.0000000e+00
  -6.6928162e-01   1.8049514e+00   1.0000000e+00
   1.8452697e+00  -5.5499409e-01   1.0000000e+00
   5.7744345e-01   1.3059746e+00   1.0000000e+00
  -1.0133386e+00  -4.2559400e-01   1.0000000e+00
  -2.1516658e-01  -9.9860299e-01   1.0000000e+00
  -5.4682568e-01   6.3894507e-02   1.0000000e+00
   1.7499533e+00   4.6788726e-01   1.0000000e+00
  -9.8606341e-01   2.3317484e-01   1.0000000e+00
   3.5745275e-01   5.4042569e-01   1.0000000e+00
   9.2645994e-01  -4.1330734e-02   1.0000000e+00
   4.4702061e-01  -1.8014259e+00   1.0000000e+00
   1.5758688e-01  -1.7321834e+00   1.0000000e+00
  -1.0271115e+00   1.6678360e-01   1.0000000e+00
  -1.0528434e+00   9.3493848e-01   1.0000000e+00
   1.8091114e+00   1.3932777e-01   1.0000000e+00
  -7.0628113e-01  -4.2211753e-01   1.0000000e+00
  -6.4572998e-01   4.2997167e-01   1.0000000e+00
   1.5881246e+00   3.8748830e-01   1.0000000e+00
  -6.0356449e-01   7.4385944e-02   1.0000000e+00
   7.8174572e-03   1.2517466e+00   1.0000000e+00
   1.6667892e+00   1.7094852e-01   1.0000000e+00
  -7.5337628e-01   1.0565552e+00   1.0000000e+00
   1.6944856e+00  -6.9908221e-01   1.0000000e+00
   8.9088668e-01   2.4208119e-01   1.0000000e+00
  -6.4722726e-01  -1.8447827e+00   1.0000000e+00
  -2.7200873e-01   1.7298839e+00   1.0000000e+00
   1.0303031e+00  -1.0422416e+00   1.0000000e+00
   3.8398034e-01   3.2701028e-01   1.0000000e+00
  -9.1396796e-01  -1.4448955e+00   1.0000000e+00
   3.3885189e-01  -1.3157446e+00   1.0000000e+00
   1.6851410e+00   6.5117486e-01   1.0000000e+00
   9.7893961e-01   1.5445809e+00   1.0000000e+00
  -3.8741233e-01  -1.6127308e+00   1.0000000e+00
   5.8419042e-01  -9.7073358e-01   1.0000000e+00
   6.3578378e-01   1.3622669e+00   1.0000000e+00
  -1.6497952e+00   1.0666693e+00   1.0000000e+00
  -1.3545246e+00  -1.3581125e+00   1.0000000e+00
   1.7835783e+00   1.8254644e-01   1.0000000e+00
   4.2040547e-01   1.1149314e+00   1.0000000e+00
  -1.4452312e-01   6.4523896e-01   1.0000000e+00
  -3.2571331e-01   1.4505802e+00   1.0000000e+00
  -1.2810442e+00  -5.0947453e-01   1.0000000e+00
  -7.6673927e-01   1.2225976e+00   1.0000000e+00
   1.0121785e+00   5.7464273e-01   1.0000000e+00
   9.2200308e-01  -8.2745897e-01   1.0000000e+00
   1.1749503e+00  -9.0967729e-01   1.0000000e+00
  -5.9582611e-02   1.0035474e+00   1.0000000e+00
  -1.1517756e+00   1.5894778e+00   1.0000000e+00
   1.1002776e+00   4.7000665e-01   1.0000000e+00
   6.4817180e-01   7.1451526e-01   1.0000000e+00
  -1.5016999e+00  -1.3449978e-01   1.0000000e+00
  -5.6570087e-01  -1.6919002e+00   1.0000000e+00
   5.5674389e-02  -5.4081701e-01   1.0000000e+00
  -1.4710206e-01   4.6736451e-01   1.0000000e+00
  -1.4158409e+00  -8.9408460e-02   1.0000000e+00
  -6.8251877e-01   1.4970521e+00   1.0000000e+00
  -1.2608223e+00  -9.9301171e-02   1.0000000e+00
   7.6879184e-01   1.7795706e+00   1.0000000e+00
   1.1212061e+00   1.3635116e+00   1.0000000e+00
  -2.2181796e-01   6.1716392e-01   1.0000000e+00
   7.6942611e-01  -1.5503994e+00   1.0000000e+00
   1.0499106e+00  -1.9669436e-01   1.0000000e+00
   3.3652983e-01  -1.4003131e+00   1.0000000e+00
   1.1183044e+00  -1.0686552e-01   1.0000000e+00
   4.6717716e-01  -7.7524814e-01   1.0000000e+00
   3.6421390e-01   6.1456476e-01   1.0000000e+00
   1.1924877e+00  -3.5946514e-01   1.0000000e+00
  -1.5847790e-01  -1.5607181e+00   1.0000000e+00
  -6.3475227e-01   1.7800083e+00   1.0000000e+00
   7.2827429e-01   1.0784467e+00   1.0000000e+00
   2.4960822e-01   1.4298766e+00   1.0000000e+00
   1.2998904e+00  -5.0965528e-01   1.0000000e+00
   3.3071704e-01   1.3764814e+00   1.0000000e+00
   1.6811580e+00  -2.9706882e-01   1.0000000e+00
   2.4341862e-01  -1.1601921e+00   1.0000000e+00
  -1.1286601e+00  -8.8938989e-01   1.0000000e+00
   2.8065859e-01  -4.6625158e-01   1.0000000e+00
   2.4309780e-01   1.5284174e+00   1.0000000e+00
   1.1819536e+00   9.0086403e-02   1.0000000e+00
   6.6454885e-01  -5.5713898e-01   1.0000000e+00
   1.7068589e-01  -5.2281992e-02   1.0000000e+00
  -9.2897876e-02   1.3019298e+00   1.0000000e+00
   1.4653898e-01   1.2219963e-01   1.0000000e+00
  -1.6782054e+00  -1.9570689e-01   1.0000000e+00
   1.2651615e+00  -4.0806075e+00  -1.0000000e+00
   1.9244440e-01  -4.3013377e+00  -1.0000000e+00
   3.7554267e+00  -1.7004754e+00  -1.0000000e+00
   4.5199686e+00   4.0975039e+00  -1.0000000e+00
   4.5679085e+00  -2.5937728e+00  -1.0000000e+00
   3.4496843e-01  -4.5416141e+00  -1.0000000e+00
  -4.5868737e+00   2.6333798e+00  -1.0000000e+00
   4.5644736e+00  -9.5868858e-01  -1.0000000e+00
   3.0664728e+00   4.9802783e+00  -1.0000000e+00
   3.7291816e+00  -4.4350515e+00  -1.0000000e+00
  -3.0090054e+00   4.2856865e+00  -1.0000000e+00
  -2.3762968e+00   4.8876157e+00  -1.0000000e+00
   4.3496667e+00  -1.3381833e+00  -1.0000000e+00
   8.5795434e-01  -3.2122384e+00  -1.0000000e+00
   2.9836193e+00  -1.3120927e+00  -1.0000000e+00
  -2.0718785e-01   3.8976444e+00  -1.0000000e+00
   3.2818954e+00   3.7030303e+00  -1.0000000e+00
   4.4743067e+00  -2.1952188e+00  -1.0000000e+00
  -4.5179354e+00  -3.4101948e+00  -1.0000000e+00
  -3.7667370e+00   1.8993616e+00  -1.0000000e+00
  -4.8429204e+00   3.0208282e+00  -1.0000000e+00
  -2.5151063e+00   4.0998735e+00  -1.0000000e+00
  -2.3246341e+00   4.5246282e+00  -1.0000000e+00
  -1.4802503e+00   2.9328770e+00  -1.0000000e+00
  -4.0575781e+00   1.6764185e+00  -1.0000000e+00
  -2.3042124e+00   3.0593681e+00  -1.0000000e+00
   3.8574740e+00  -4.7721971e+00  -1.0000000e+00
  -6.8770992e-01  -3.1703629e+00  -1.0000000e+00
   2.6447858e+00  -3.4027684e+00  -1.0000000e+00
  -1.0414529e+00   3.8026751e+00  -1.0000000e+00
   3.9630421e+00  -8.3974916e-02  -1.0000000e+00
   2.8043939e+00   4.1205339e+00  -1.0000000e+00
   4.0629034e+00  -1.2216855e+00  -1.0000000e+00
  -3.4889654e+00   1.6689613e+00  -1.0000000e+00
  -3.5766000e+00   1.7310735e+00  -1.0000000e+00
   1.6481779e+00  -4.7818255e+00  -1.0000000e+00
  -1.9578257e+00  -3.7633503e+00  -1.0000000e+00
   2.9081880e+00   2.1164762e+00  -1.0000000e+00
   4.4152570e+00  -1.7985356e-01  -1.0000000e+00
   1.8766658e+00  -3.3265309e+00  -1.0000000e+00
  -9.9392116e-01  -3.8876551e+00  -1.0000000e+00
   3.4905272e+00  -2.2443039e-01  -1.0000000e+00
  -1.7652694e+00  -3.8781860e+00  -1.0000000e+00
  -1.8559596e+00  -4.3412488e+00  -1.0000000e+00
  -3.6139970e+00  -2.4598978e+00  -1.0000000e+00
  -3.5399944e+00   3.8453159e+00  -1.0000000e+00
  -3.8585610e+00   4.3221251e+00  -1.0000000e+00
   3.4072380e+00  -3.7805949e-01  -1.0000000e+00
  -3.0796852e+00  -2.4777090e+00  -1.0000000e+00
   3.2046962e+00  -7.9686377e-01  -1.0000000e+00
  -2.0592221e+00   3.8264581e+00  -1.0000000e+00
   3.6900112e+00   3.1779585e+00  -1.0000000e+00
  -4.5713075e+00   1.8365773e+00  -1.0000000e+00
   3.3495619e+00  -2.3811939e+00  -1.0000000e+00
  -4.2898082e+00   1.0069128e+00  -1.0000000e+00
  -4.6611646e+00   3.7008743e-01  -1.0000000e+00
  -2.7691699e+00   1.7509214e+00  -1.0000000e+00
  -4.8101588e+00   3.4616789e+00  -1.0000000e+00
  -2.8381144e+00   2.6275723e+00  -1.0000000e+00
  -2.6277606e+00  -4.2798127e+00  -1.0000000e+00
   4.7090959e+00   1.8260604e+00  -1.0000000e+00
  -1.0012370e+00  -4.4551793e+00  -1.0000000e+00
   1.3811042e+00  -4.0657967e+00  -1.0000000e+00
  -9.8950018e-01   4.3469622e+00  -1.0000000e+00
   4.6287005e+00  -1.4882932e-01  -1.0000000e+00
   4.6232702e+00  -4.2740504e+00  -1.0000000e+00
  -3.0583048e+00  -4.9836022e+00  -1.0000000e+00
   3.7411284e+00   3.6035298e+00  -1.0000000e+00
  -4.7951856e+00  -4.9261181e+00  -1.0000000e+00
  -1.7406914e+00   3.0274355e+00  -1.0000000e+00
   3.1573180e-01   4.5895589e+00  -1.0000000e+00
  -3.9173578e+00   3.2099290e+00  -1.0000000e+00
   1.8866029e+00   3.1260349e+00  -1.0000000e+00
   2.5459143e+00   4.1021876e+00  -1.0000000e+00
  -3.6007074e+00   3.2233629e+00  -1.0000000e+00
   3.2586606e+00  -2.6369090e+00  -1.0000000e+00
  -2.8897395e+00   2.9880079e+00  -1.0000000e+00
  -4.8023439e+00   9.4723007e-01  -1.0000000e+00
   2.5149482e-01  -4.8136119e+00  -1.0000000e+00
  -3.8312805e+00   2.2274428e-01  -1.0000000e+00
   3.8550880e+00   4.7253985e+00  -1.0000000e+00
   4.9976806e+00  -1.5407848e+00  -1.0000000e+00
  -1.3472663e+00  -4.8900533e+00  -1.0000000e+00
  -4.9237918e+00  -2.9160711e+00  -1.0000000e+00
   2.6185902e+00   2.9266030e+00  -1.0000000e+00
  -1.5815211e+00  -4.4287804e+00  -1.0000000e+00
   4.2458693e+00  -1.2987003e+00  -1.0000000e+00
  -2.5265064e+00  -3.6610978e+00  -1.0000000e+00
   3.8372972e+00  -1.7760805e-01  -1.0000000e+00
  -4.6681542e+00   2.8212020e+00  -1.0000000e+00
   2.0796672e+00   2.7794916e+00  -1.0000000e+00
   3.1801758e+00  -3.6284080e+00  -1.0000000e+00
   1.9756658e+00   4.3985695e+00  -1.0000000e+00
  -4.4403145e+00  -3.7194728e+00  -1.0000000e+00
  -3.9802070e+00   2.5636971e+00  -1.0000000e+00
   3.6601586e+00   4.9659482e+00  -1.0000000e+00
  -4.0152193e+00  -3.2742758e+00  -1.0000000e+00
  -1.5477535e-01   4.3726895e+00  -1.0000000e+00
  -4.4853466e+00   1.4995469e+00  -1.0000000e+00
  -4.5199444e+00  -3.3545592e-01  -1.0000000e+00
   4.7044470e+00   2.7118932e-02  -1.0000000e+00
   3.3445854e+00  -3.9894137e+00  -1.0000000e+00
  -1.1986335e+00  -3.6462855e+00  -1.0000000e+00
   2.2684814e+00  -4.0135520e+00  -1.0000000e+00
   2.6049240e+00   2.0349145e+00  -1.0000000e+00
   3.7791499e+00   3.4610375e+00  -1.0000000e+00
  -1.7217612e+00  -3.9881378e+00  -1.0000000e+00
   1.9299674e+00  -4.1512183e+00  -1.0000000e+00
  -4.4880741e+00   4.1282545e+00  -1.0000000e+00
  -4.5056660e+00  -1.7575911e+00  -1.0000000e+00
  -4.7941680e+00  -3.9045240e+00  -1.0000000e+00
  -2.8524884e+00   4.2594958e+00  -1.0000000e+00
   4.9328106e+00  -4.3568438e+00  -1.0000000e+00
  -3.8737149e+00   4.6595784e-01  -1.0000000e+00
   3.8818905e+00  -2.4479696e+00  -1.0000000e+00
   4.2306722e+00  -3.2115554e+00  -1.0000000e+00
   3.9815628e+00   1.8566849e+00  -1.0000000e+00
   3.2421403e+00   1.2312439e+00  -1.0000000e+00
   3.3157336e+00  -4.1516781e+00  -1.0000000e+00
  -4.7410942e+00  -4.8929031e+00  -1.0000000e+00
   3.0597980e+00  -4.0296626e+00  -1.0000000e+00
   4.9169027e+00   4.8170927e+00  -1.0000000e+00
  -3.0809963e+00  -3.2108652e+00  -1.0000000e+00
   1.1804058e+00   4.4330206e+00  -1.0000000e+00
  -3.4077868e+00   3.4661148e+00  -1.0000000e+00
  -2.3944950e+00   2.8416091e+00  -1.0000000e+00
   4.5172579e+00  -6.0259677e-01  -1.0000000e+00
  -4.7910069e-02  -4.4137635e+00  -1.0000000e+00
  -1.9087154e+00  -3.7198095e+00  -1.0000000e+00
  -4.8028801e+00  -3.6517507e+00  -1.0000000e+00
  -1.9978251e+00  -2.6728517e+00  -1.0000000e+00
   2.4533321e+00  -3.2583489e+00  -1.0000000e+00
   3.0853490e+00  -4.8311448e+00  -1.0000000e+00
  -3.3971539e+00  -4.8178032e+00  -1.0000000e+00
   3.2434881e+00   2.1794505e+00  -1.0000000e+00
   2.6981215e+00   4.7691502e+00  -1.0000000e+00
   3.8409873e+00  -8.6197612e-01  -1.0000000e+00
  -3.4907081e+00  -8.2506013e-01  -1.0000000e+00
  -2.6547042e+00  -3.2866175e+00  -1.0000000e+00
   4.3379497e+00   7.5485469e-01  -1.0000000e+00
  -1.9113017e+00  -3.7661265e+00  -1.0000000e+00
   1.9798700e+00   4.5961617e+00  -1.0000000e+00
  -4.4820017e+00   2.1085620e+00  -1.0000000e+00
   3.6806994e+00   2.4198126e+00  -1.0000000e+00
   4.6740906e+00   4.4136412e+00  -1.0000000e+00
  -3.2775808e+00   2.1092451e+00  -1.0000000e+00
   4.6845654e-02   3.3229965e+00  -1.0000000e+00
  -2.7977558e+00   4.5690467e+00  -1.0000000e+00
  -1.9207059e+00   3.7034783e+00  -1.0000000e+00
   2.5896372e+00  -2.4085822e+00  -1.0000000e+00
  -3.6947951e+00   7.7994598e-01  -1.0000000e+00
  -3.6671284e+00   3.1120190e-01  -1.0000000e+00
  -4.9643408e-01   3.4454786e+00  -1.0000000e+00
  -4.6307893e+00  -3.0441780e+00  -1.0000000e+00
  -4.7866861e+00   6.2633916e-01  -1.0000000e+00
  -4.4616334e+00  -1.6379956e+00  -1.0000000e+00
  -4.1518915e-01   3.7520136e+00  -1.0000000e+00
   1.8958595e+00  -2.6822994e+00  -1.0000000e+00
  -2.9338758e+00   4.7866847e+00  -1.0000000e+00
   4.2134925e+00  -3.8392027e+00  -1.0000000e+00
   4.3880959e+00  -8.6651584e-01  -1.0000000e+00
  -2.6303195e+00  -4.7361270e+00  -1.0000000e+00
   1.1009105e+00   4.1697794e+00  -1.0000000e+00
  -4.5250634e+00  -3.5054658e+00  -1.0000000e+00
   4.6834396e-01   3.6521981e+00  -1.0000000e+00
  -3.3179832e+00  -6.3682115e-01  -1.0000000e+00
  -2.9441441e+00   2.0072227e+00  -1.0000000e+00
  -2.4743102e+00  -4.1568333e+00  -1.0000000e+00
  -4.0707063e+00   4.8777833e+00  -1.0000000e+00
   4.8254837e+00   3.8397217e+00  -1.0000000e+00
   2.6077027e+00  -3.8148816e+00  -1.0000000e+00
   4.0808558e+00  -6.1983061e-01  -1.0000000e+00
   3.2663046e+00  -4.0998031e+00  -1.0000000e+00
  -2.4210440e+00   2.6547266e+00  -1.0000000e+00
  -8.4859152e-01  -4.9347777e+00  -1.0000000e+00
   4.4591068e+00   3.3068324e+00  -1.0000000e+00
   3.6963829e+00   3.6213172e+00  -1.0000000e+00
  -3.7862974e+00   2.1115674e+00  -1.0000000e+00
   3.9144919e+00  -3.4472448e+00  -1.0000000e+00
   2.5877881e+00  -3.0723816e+00  -1.0000000e+00
   1.9150642e+00   4.6575573e+00  -1.0000000e+00
  -4.2885531e+00   4.0587964e+00  -1.0000000e+00
  -4.1284734e+00   7.3026012e-02  -1.0000000e+00
  -2.0946506e+00  -4.0944616e+00  -1.0000000e+00
   2.5972957e+00  -4.2089570e+00  -1.0000000e+00
  -2.5234177e+00  -3.0830175e+00  -1.0000000e+00
   1.2290083e+00   3.9100450e+00  -1.0000000e+00
   3.7433182e+00   3.3126318e+00  -1.0000000e+00
  -4.8978036e+00  -1.0529779e+00  -1.0000000e+00
   3.7959715e+00  -4.8205593e+00  -1.0000000e+00
  -3.8795653e+00  -3.0873104e+00  -1.0000000e+00
   3.1827035e+00   4.2040005e+00  -1.0000000e+00
   3.5792609e+00   2.5168660e-01  -1.0000000e+00
  -3.2421846e+00   4.5564147e-01  -1.0000000e+00
   3.9431594e+00   4.9701376e-01  -1.0000000e+00
   4.9723483e+00   4.9168053e+00  -1.0000000e+00
   3.3083120e+00   2.7151183e+00  -1.0000000e+00
   3.0731404e+00   1.3732945e+00  -1.0000000e+00
  -3.5851655e+00   4.1143618e+00  -1.0000000e+00
  -2.3032016e+00   4.9214900e+00  -1.0000000e+00
   1.6048333e+00  -4.4590755e+00  -1.0000000e+00
  -4.5708481e+00  -2.2257577e+00  -1.0000000e+00
  -4.2575377e+00   1.3219719e+00  -1.0000000e+00
  -4.9669543e+00  -4.2508228e+00  -1.0000000e+00
   2.5081736e+00  -4.4958359e+00  -1.0000000e+00
   1.5175752e-01  -3.2483390e+00  -1.0000000e+00
   3.9579735e+00   3.2129136e+00  -1.0000000e+00
   4.8867435e+00   7.8538344e-01  -1.0000000e+00
   3.0944570e+00  -3.5269363e+00  -1.0000000e+00
  -3.9356030e+00   4.8134339e+00  -1.0000000e+00
   3.2598876e+00   2.2269964e+00  -1.0000000e+00
  -3.1917723e+00  -4.2853965e+00  -1.0000000e+00
  -4.1491750e+00   2.9082988e+00  -1.0000000e+00
   2.9520961e+00   1.1725340e+00  -1.0000000e+00
   6.2387681e-01   3.3530635e+00  -1.0000000e+00
  -4.4679647e-01  -3.2037533e+00  -1.0000000e+00
  -4.8973592e+00   4.0890103e+00  -1.0000000e+00
   1.1890369e+00  -3.3717715e+00  -1.0000000e+00
  -3.5947276e+00  -3.6798044e+00  -1.0000000e+00
   4.5929566e+00   1.1085003e+00  -1.0000000e+00
  -3.9888152e+00   2.0449725e+00  -1.0000000e+00
   3.6517701e+00  -4.8961035e+00  -1.0000000e+00
   1.7588254e+00  -3.2902940e+00  -1.0000000e+00
  -3.4046224e+00  -7.5523345e-03  -1.0000000e+00
  -4.3066790e+00  -3.7623762e+00  -1.0000000e+00
  -3.5098141e+00   2.0056481e+00  -1.0000000e+00
  -4.8700142e+00  -3.3020985e+00  -1.0000000e+00
  -3.3386814e+00   4.2594352e+00  -1.0000000e+00
   2.0831833e+00  -3.3978124e+00  -1.0000000e+00
  -4.8022448e-01  -4.7516802e+00  -1.0000000e+00
  -1.6057056e+00   2.8340842e+00  -1.0000000e+00
   4.0540174e+00   2.7706551e+00  -1.0000000e+00
  -4.9537394e+00   3.5754897e+00  -1.0000000e+00
   1.1706781e+00  -3.6245496e+00  -1.0000000e+00
   4.8762822e+00   3.3207297e+00  -1.0000000e+00
   4.9636964e+00   4.7226886e+00  -1.0000000e+00
   4.5881282e+00   4.5476578e+00  -1.0000000e+00
  -4.0595194e+00  -3.9544408e+00  -1.0000000e+00
   4.6122659e+00   4.2688718e+00  -1.0000000e+00
   3.4996707e+00  -4.8531614e+00  -1.0000000e+00
  -1.5751479e+00  -3.6751170e+00  -1.0000000e+00
  -4.6576756e+00   1.2077025e-01  -1.0000000e+00
  -4.9737405e+00  -4.8338270e+00  -1.0000000e+00
  -2.6690646e+00   2.6929851e+00  -1.0000000e+00
  -3.5550858e+00   2.7314427e-01  -1.0000000e+00
   3.1449400e+00   2.7823345e+00  -1.0000000e+00
   1.0398799e+00   4.3164198e+00  -1.0000000e+00
   1.5471426e+00  -4.1055451e+00  -1.0000000e+00
  -4.2687519e+00   2.9340183e+00  -1.0000000e+00
   1.6103760e+00  -3.5642878e+00  -1.0000000e+00
   4.3372891e+00  -4.9978784e+00  -1.0000000e+00
  -4.1644322e+00   1.5014920e+00  -1.0000000e+00
  -1.9508347e+00  -4.1884846e+00  -1.0000000e+00
   4.0167712e+00   6.7634691e-01  -1.0000000e+00
  -3.6947982e+00  -1.6166993e-02  -1.0000000e+00
  -4.9830410e+00  -2.4966646e+00  -1.0000000e+00
  -3.8697434e+00   2.6903954e+00  -1.0000000e+00
   1.9337242e-01  -3.5527389e+00  -1.0000000e+00
  -1.2381543e+00  -2.9550736e+00  -1.0000000e+00
  -4.6890232e+00  -2.7451657e+00  -1.0000000e+00
  -2.5453655e+00  -3.2082927e+00  -1.0000000e+00
   3.2642837e+00   1.0201524e+00  -1.0000000e+00
   4.2653383e+00   1.4044034e+00  -1.0000000e+00
   8.3861296e-01   3.8729223e+00  -1.0000000e+00
  -3.8565542e+00   4.2137783e+00  -1.0000000e+00
  -4.6868718e+00  -1.4472167e+00  -1.0000000e+00
   4.9370384e+00   4.7017169e+00  -1.0000000e+00
  -4.2685392e-01  -4.2370556e+00  -1.0000000e+00
   3.8219950e+00  -2.9275842e+00  -1.0000000e+00
   4.6334015e+00   4.2483822e+00  -1.0000000e+00
  -1.0883494e+00  -4.6949706e+00  -1.0000000e+00
   1.5397843e+00   2.9230657e+00  -1.0000000e+00
   4.5634422e+00   5.5520954e-01  -1.0000000e+00
   1.5464559e+00  -2.7685266e+00  -1.0000000e+00
  -3.4573302e+00  -4.2049098e+00  -1.0000000e+00
  -2.8700983e+00  -4.2996648e+00  -1.0000000e+00
  -2.5179355e+00  -3.1222573e+00  -1.0000000e+00
  -4.4814379e+00  -6.3834899e-01  -1.0000000e+00
   2.4503920e+00  -2.8530615e+00  -1.0000000e+00
  -3.9064442e+00   3.1716566e+00  -1.0000000e+00
  -4.2857922e+00   1.2529388e+00  -1.0000000e+00
   2.7723910e+00  -4.8706359e+00  -1.0000000e+00
  -2.4937895e+00   4.7728264e+00  -1.0000000e+00
  -4.4338705e+00  -3.1009234e+00  -1.0000000e+00
  -1.0938296e+00   4.2221032e+00  -1.0000000e+00
  -2.9431892e+00  -4.4132650e+00  -1.0000000e+00
  -1.3275921e+00   3.3720327e+00  -1.0000000e+00
   4.8963156e+00  -2.9932306e+00  -1.0000000e+00
   2.1976098e+00   4.8584823e+00  -1.0000000e+00
   4.7292442e+00  -4.1314712e+00  -1.0000000e+00
  -4.2678995e+00  -2.9171168e-01  -1.0000000e+00
   1.7023017e+00  -3.8434940e+00  -1.0000000e+00
  -4.7259406e+00  -3.1771923e+00  -1.0000000e+00
   3.3942949e+00  -3.2501472e+00  -1.0000000e+00
   9.3010713e-01  -3.0546263e+00  -1.0000000e+00
   1.0314241e-01   3.1994602e+00  -1.0000000e+00
  -4.1356245e+00  -2.9512633e+00  -1.0000000e+00
   2.5892111e+00   3.7660069e+00  -1.0000000e+00
   3.8701699e+00   4.4524494e+00  -1.0000000e+00
   3.0214093e+00   3.7992033e+00  -1.0000000e+00
  -3.5436163e+00   4.7006086e+00  -1.0000000e+00
  -7.6036316e-01  -3.3986247e+00  -1.0000000e+00
  -3.4896940e+00   5.2296923e-01  -1.0000000e+00
  -3.1221019e+00  -2.0205101e+00  -1.0000000e+00
   2.3027437e+00   4.6099224e+00  -1.0000000e+00
   1.3156963e+00  -2.8946560e+00  -1.0000000e+00
  -3.6810584e+00  -4.6325905e+00  -1.0000000e+00
  -1.4939282e+00  -3.1493336e+00  -1.0000000e+00
  -4.7357278e+00   1.6360598e+00  -1.0000000e+00
  -9.2633667e-02   3.3442775e+00  -1.0000000e+00
  -4.3907637e+00  -1.6188257e+00  -1.0000000e+00
   2.5321877e+00   1.9161978e+00  -1.0000000e+00
  -1.1919503e+00   4.1076544e+00  -1.0000000e+00
   1.4691041e+00   3.4819373e+00  -1.0000000e+00
   1.4300377e+00  -3.4705422e+00  -1.0000000e+00
  -3.8434826e+00  -1.8691516e+00  -1.0000000e+00
   2.4004289e+00   3.1869147e+00  -1.0000000e+00
   4.6085775e+00   1.2811087e+00  -1.0000000e+00
  -4.5163684e+00  -3.9237593e+00  -1.0000000e+00
   2.6642402e+00  -1.8805453e+00  -1.0000000e+00
   3.9647242e+00   3.2506538e+00  -1.0000000e+00
  -3.0155146e+00   3.7928959e+00  -1.0000000e+00
  -2.5287567e+00   3.1022608e+00  -1.0000000e+00
   4.2895678e+00  -3.3001652e+00  -1.0000000e+00
  -2.4964477e-01  -3.9244275e+00  -1.0000000e+00
   1.5864824e+00   3.3318907e+00  -1.0000000e+00
   1.1095577e+00  -4.3459605e+00  -1.0000000e+00
   6.7497153e-01   4.5470068e+00  -1.0000000e+00
  -1.5954505e+00   3.2236603e+00  -1.0000000e+00
  -4.2314632e+00   6.2769503e-01  -1.0000000e+00
   4.4928458e+00   2.0815618e-03  -1.0000000e+00
   3.1303616e-01   4.2820060e+00  -1.0000000e+00
  -3.1613535e+00  -4.5121684e+00  -1.0000000e+00
