   1.8818350e-01   2.7658105e+00   1.0000000e+00
   6.5185976e-01   3.0832701e+00   1.0000000e+00
  -7.7059640e-01   3.0804638e+00   1.0000000e+00
   3.3176066e-01   3.5876048e+00   1.0000000e+00
   1.5156783e-01   3.1730884e+00   1.0000000e+00
  -4.0769090e-01   3.1252473e+00   1.0000000e+00
  -9.1757208e-02   3.7379687e+00   1.0000000e+00
   1.8991856e-01   3.4392520e+00   1.0000000e+00
   1.3324389e+00   3.7539310e+00   1.0000000e+00
   1.0593030e+00   3.5415944e+00   1.0000000e+00
  -3.7246043e-01   3.7943392e+00   1.0000000e+00
   1.1722232e+00   2.8358594e+00   1.0000000e+00
   3.7389148e-01   3.9282975e+00   1.0000000e+00
   1.0793079e-01   4.4444221e+00   1.0000000e+00
   3.9016002e-01   4.1886149e+00   1.0000000e+00
   7.8261880e-02   4.1717499e+00   1.0000000e+00
   1.1654948e-01   3.7960940e+00   1.0000000e+00
   6.9139416e-01   3.9694950e+00   1.0000000e+00
   6.7316207e-01   4.0169378e+00   1.0000000e+00
   6.8601734e-01   3.9897187e+00   1.0000000e+00
   4.3502400e-01   3.6891319e+00   1.0000000e+00
  -2.1262042e-01   3.8796574e+00   1.0000000e+00
   4.7103353e-01   3.9643042e+00   1.0000000e+00
   8.0058235e-01   3.8791967e+00   1.0000000e+00
   4.1111282e-01   4.3617240e+00   1.0000000e+00
   6.1214255e-01   4.9781470e+00   1.0000000e+00
   5.1440980e-01   3.6469681e+00   1.0000000e+00
   1.6379568e-01   4.1750076e+00   1.0000000e+00
   3.8285501e-01   3.6447759e+00   1.0000000e+00
   1.4451019e-02   4.6245951e+00   1.0000000e+00
   6.1093847e-01   4.6809032e+00   1.0000000e+00
  -9.1474537e-02   3.6238877e+00   1.0000000e+00
  -5.4104660e-02   4.9040543e+00   1.0000000e+00
   4.6675457e-02   3.8617660e+00   1.0000000e+00
  -6.9049946e-01   4.3381162e+00   1.0000000e+00
   8.5343310e-01   4.6603603e+00   1.0000000e+00
   4.7381669e-01   4.3439556e+00   1.0000000e+00
   1.0577509e-01   5.1123375e+00   1.0000000e+00
   8.5960449e-01   5.2883858e+00   1.0000000e+00
  -2.0903075e-01   4.3892691e+00   1.0000000e+00
   3.6421514e-01   3.6889928e+00   1.0000000e+00
   3.2549354e-01   4.2440761e+00   1.0000000e+00
   5.3172236e-01   4.0901006e+00   1.0000000e+00
   5.3950051e-01   4.1341566e+00   1.0000000e+00
   1.3729203e-01   4.0217813e+00   1.0000000e+00
   4.3948205e-01   4.4582749e+00   1.0000000e+00
   4.0229234e-01   5.1824501e+00   1.0000000e+00
   6.8969755e-01   4.2085970e+00   1.0000000e+00
   8.6264298e-01   4.3747757e+00   1.0000000e+00
   8.7824565e-01   4.8948395e+00   1.0000000e+00
   1.9772151e-01   4.9244875e+00   1.0000000e+00
   5.3707568e-01   4.6831809e+00   1.0000000e+00
   9.5059035e-02   4.8854085e+00   1.0000000e+00
   1.4027474e-01   4.8439422e+00   1.0000000e+00
   5.3760274e-01   4.4182868e+00   1.0000000e+00
   1.0864206e+00   4.7145613e+00   1.0000000e+00
   2.9061693e-01   4.4721366e+00   1.0000000e+00
   6.9998258e-01   4.2741023e+00   1.0000000e+00
   5.0104546e-01   4.8232855e+00   1.0000000e+00
   9.8107465e-01   4.6366494e+00   1.0000000e+00
   2.1882750e-01   4.5593155e+00   1.0000000e+00
   6.2139511e-01   4.7385336e+00   1.0000000e+00
   8.1338446e-01   4.9936009e+00   1.0000000e+00
   1.0152136e+00   4.7967739e+00   1.0000000e+00
   1.1804742e+00   4.7385420e+00   1.0000000e+00
   6.8007590e-01   4.7794419e+00   1.0000000e+00
   1.3794339e-01   4.7103809e+00   1.0000000e+00
   4.1019436e-01   4.4321984e+00   1.0000000e+00
   3.0844639e-01   4.9893164e+00   1.0000000e+00
   1.5126600e+00   5.2176174e+00   1.0000000e+00
   4.8453934e-01   4.5480007e+00   1.0000000e+00
   9.7182687e-01   5.4199661e+00   1.0000000e+00
   6.5265352e-01   4.6937620e+00   1.0000000e+00
   1.0410136e+00   4.6802185e+00   1.0000000e+00
   4.7230277e-01   4.4613397e+00   1.0000000e+00
   2.5920586e-01   4.5080392e+00   1.0000000e+00
   2.6216843e-01   4.4615633e+00   1.0000000e+00
   9.4086787e-01   4.9286107e+00   1.0000000e+00
   7.1791870e-01   5.3732359e+00   1.0000000e+00
   7.2138128e-01   5.0083196e+00   1.0000000e+00
   1.2967586e+00   5.1320011e+00   1.0000000e+00
   9.1205453e-01   5.3119003e+00   1.0000000e+00
   8.8923387e-01   3.9765412e+00   1.0000000e+00
   1.3856947e+00   4.8017574e+00   1.0000000e+00
   5.5843692e-01   4.9928868e+00   1.0000000e+00
   1.0938185e+00   5.1292028e+00   1.0000000e+00
   1.1522809e+00   4.4302041e+00   1.0000000e+00
   7.8469970e-01   4.5434933e+00   1.0000000e+00
   9.5548453e-01   5.1808401e+00   1.0000000e+00
   4.8195462e-01   4.8717638e+00   1.0000000e+00
   4.9821653e-01   5.1145187e+00   1.0000000e+00
   9.4670615e-01   4.5929970e+00   1.0000000e+00
   1.1727889e+00   4.3655901e+00   1.0000000e+00
   1.8349219e+00   5.2119534e+00   1.0000000e+00
   7.0658827e-01   5.3712184e+00   1.0000000e+00
   1.0155659e+00   5.5327246e+00   1.0000000e+00
   9.3112695e-01   4.4330990e+00   1.0000000e+00
   2.9344198e-01   4.5092461e+00   1.0000000e+00
   8.2636185e-01   4.4689963e+00   1.0000000e+00
   3.6186241e-01   4.9778787e+00   1.0000000e+00
   1.2941314e+00   4.7845724e+00   1.0000000e+00
   6.9918877e-01   5.4674153e+00   1.0000000e+00
   1.0550325e+00   4.5055716e+00   1.0000000e+00
   8.3941487e-01   4.4123301e+00   1.0000000e+00
   1.1462323e+00   5.1012408e+00   1.0000000e+00
   8.3988570e-01   5.4540668e+00   1.0000000e+00
   1.2314879e+00   4.7626361e+00   1.0000000e+00
   1.3287771e+00   4.6076613e+00   1.0000000e+00
   1.6791607e+00   5.0053054e+00   1.0000000e+00
   1.0220568e+00   4.4916806e+00   1.0000000e+00
   3.5157566e-01   5.0773020e+00   1.0000000e+00
   8.1614394e-01   5.3678913e+00   1.0000000e+00
   1.5941080e+00   5.1608187e+00   1.0000000e+00
   7.5474565e-01   4.4229601e+00   1.0000000e+00
   1.4763339e+00   4.9098254e+00   1.0000000e+00
   1.1934174e+00   4.9984512e+00   1.0000000e+00
   1.6628438e+00   5.7452987e+00   1.0000000e+00
   4.8368500e-01   5.4370590e+00   1.0000000e+00
   1.1108056e+00   5.1031327e+00   1.0000000e+00
   7.6725408e-01   5.5875724e+00   1.0000000e+00
   2.2178028e+00   4.7697581e+00   1.0000000e+00
   1.4988266e+00   5.0195781e+00   1.0000000e+00
   1.7026402e+00   5.6418600e+00   1.0000000e+00
   8.5963691e-01   5.6792267e+00   1.0000000e+00
   1.0759845e+00   5.4148907e+00   1.0000000e+00
   1.1546357e+00   5.3368268e+00   1.0000000e+00
   1.6444486e+00   4.9656622e+00   1.0000000e+00
   1.1727448e+00   5.4372029e+00   1.0000000e+00
   1.5255395e+00   4.8922548e+00   1.0000000e+00
   5.7186430e-01   5.3887522e+00   1.0000000e+00
   1.1761525e+00   5.2918157e+00   1.0000000e+00
   1.0217447e+00   5.5973704e+00   1.0000000e+00
   7.6803004e-01   5.0549426e+00   1.0000000e+00
   1.5077911e+00   5.4319701e+00   1.0000000e+00
   1.4386944e+00   5.4922003e+00   1.0000000e+00
   1.3617180e+00   4.9053653e+00   1.0000000e+00
   8.9321272e-01   5.2796351e+00   1.0000000e+00
   1.7646223e+00   5.7890837e+00   1.0000000e+00
   1.5025628e+00   5.2744378e+00   1.0000000e+00
   1.2853269e+00   5.1320482e+00   1.0000000e+00
   1.4080114e+00   5.4048253e+00   1.0000000e+00
   1.3183016e+00   5.1535814e+00   1.0000000e+00
   8.0742567e-01   5.4097843e+00   1.0000000e+00
   1.3300222e+00   5.2122790e+00   1.0000000e+00
   1.1490217e+00   5.2577406e+00   1.0000000e+00
   1.1072778e+00   5.4300866e+00   1.0000000e+00
   1.0552594e+00   5.7502219e+00   1.0000000e+00
   1.2832550e+00   5.4361157e+00   1.0000000e+00
   7.7907749e-01   5.8593891e+00   1.0000000e+00
   1.8274803e+00   4.5769708e+00   1.0000000e+00
   1.6820210e+00   5.1340480e+00   1.0000000e+00
   1.5029903e+00   5.3782239e+00   1.0000000e+00
   1.5078301e+00   5.0076025e+00   1.0000000e+00
   1.2506427e+00   4.8575641e+00   1.0000000e+00
   1.8965398e+00   5.5242950e+00   1.0000000e+00
   1.5033739e+00   5.5269117e+00   1.0000000e+00
   1.3099144e+00   5.4178326e+00   1.0000000e+00
   2.0429850e+00   5.4589425e+00   1.0000000e+00
   1.5013301e+00   5.0198675e+00   1.0000000e+00
   1.3838398e+00   5.1543064e+00   1.0000000e+00
   1.4971862e+00   5.2950456e+00   1.0000000e+00
   1.3132258e+00   5.0954747e+00   1.0000000e+00
   1.2279551e+00   5.4561583e+00   1.0000000e+00
   2.5140999e+00   6.1715650e+00   1.0000000e+00
   2.2194242e+00   5.1786434e+00   1.0000000e+00
   1.7576373e+00   5.5776705e+00   1.0000000e+00
   1.2200086e+00   4.9926063e+00   1.0000000e+00
   1.3670862e+00   5.8270426e+00   1.0000000e+00
   1.6182131e+00   5.0224952e+00   1.0000000e+00
   1.9669956e+00   5.4381932e+00   1.0000000e+00
   1.2337985e+00   5.1520362e+00   1.0000000e+00
   8.9454650e-01   5.5511034e+00   1.0000000e+00
   1.2128159e+00   5.3791792e+00   1.0000000e+00
   1.8467288e+00   5.3630699e+00   1.0000000e+00
   1.8769738e+00   6.4138625e+00   1.0000000e+00
   1.9080878e+00   5.1643318e+00   1.0000000e+00
   1.7144004e+00   5.3715621e+00   1.0000000e+00
   1.8342912e+00   6.3301047e+00   1.0000000e+00
   1.6133464e+00   4.9927343e+00   1.0000000e+00
   2.0917076e+00   5.5906103e+00   1.0000000e+00
   1.3234069e+00   5.0232396e+00   1.0000000e+00
   1.9692603e+00   5.7636179e+00   1.0000000e+00
   1.5229517e+00   5.5203786e+00   1.0000000e+00
   1.7127896e+00   5.6367910e+00   1.0000000e+00
   2.0334742e+00   5.3137053e+00   1.0000000e+00
   2.2136817e+00   5.4998386e+00   1.0000000e+00
   1.4688265e+00   5.9320717e+00   1.0000000e+00
   2.3112305e+00   4.6230325e+00   1.0000000e+00
   2.1110501e+00   4.8502483e+00   1.0000000e+00
   1.8662471e+00   5.5698522e+00   1.0000000e+00
   1.8316726e+00   5.1977631e+00   1.0000000e+00
   1.8338378e+00   5.3256607e+00   1.0000000e+00
   1.8139123e+00   4.9078679e+00   1.0000000e+00
   1.9380660e+00   5.1174608e+00   1.0000000e+00
   1.9579516e+00   5.2950093e+00   1.0000000e+00
   2.2391220e+00   5.1847203e+00   1.0000000e+00
   2.4944418e+00   5.1377136e+00   1.0000000e+00
   2.1334201e+00   5.2955278e+00   1.0000000e+00
   1.9066003e+00   5.1153889e+00   1.0000000e+00
   2.2088166e+00   5.9170865e+00   1.0000000e+00
   2.0641295e+00   5.1035376e+00   1.0000000e+00
   1.6495814e+00   6.0877897e+00   1.0000000e+00
   2.3522276e+00   5.3224345e+00   1.0000000e+00
   2.1374717e+00   4.9473133e+00   1.0000000e+00
   2.0873112e+00   5.2407770e+00   1.0000000e+00
   2.2303362e+00   5.7862419e+00   1.0000000e+00
   2.1514922e+00   5.8305507e+00   1.0000000e+00
   1.7404800e+00   5.5188219e+00   1.0000000e+00
   2.0231818e+00   5.5650576e+00   1.0000000e+00
   2.0388809e+00   5.6876678e+00   1.0000000e+00
   1.9137960e+00   4.9571279e+00   1.0000000e+00
   2.6987363e+00   5.2657942e+00   1.0000000e+00
   1.8134947e+00   4.8303990e+00   1.0000000e+00
   1.9606647e+00   5.3152823e+00   1.0000000e+00
   1.8907984e+00   5.8061904e+00   1.0000000e+00
   1.7390257e+00   5.7264833e+00   1.0000000e+00
   2.0927162e+00   6.2775121e+00   1.0000000e+00
   2.0740754e+00   5.5364790e+00   1.0000000e+00
   2.7155254e+00   4.7246637e+00   1.0000000e+00
   2.1028413e+00   6.0719953e+00   1.0000000e+00
   1.8275253e+00   5.9307330e+00   1.0000000e+00
   2.7712101e+00   5.2792022e+00   1.0000000e+00
   2.6521377e+00   5.5621856e+00   1.0000000e+00
   2.1496307e+00   5.7581853e+00   1.0000000e+00
   1.7128441e+00   5.6210907e+00   1.0000000e+00
   2.0943803e+00   5.7311970e+00   1.0000000e+00
   2.2054206e+00   5.4490029e+00   1.0000000e+00
   2.3666239e+00   5.4758092e+00   1.0000000e+00
   2.1885927e+00   5.5211322e+00   1.0000000e+00
   2.4451977e+00   5.2147848e+00   1.0000000e+00
   2.4371630e+00   5.9900234e+00   1.0000000e+00
   1.8722624e+00   5.4949856e+00   1.0000000e+00
   1.9882137e+00   5.7337799e+00   1.0000000e+00
   2.0706129e+00   5.1949865e+00   1.0000000e+00
   2.1622639e+00   5.1185424e+00   1.0000000e+00
   2.2377986e+00   5.4636574e+00   1.0000000e+00
   2.3643642e+00   5.4076068e+00   1.0000000e+00
   1.3097879e+00   5.9148060e+00   1.0000000e+00
   2.2200449e+00   5.7092406e+00   1.0000000e+00
   2.8248569e+00   5.6867589e+00   1.0000000e+00
   2.0266545e+00   4.9922704e+00   1.0000000e+00
   2.7368049e+00   5.1596866e+00   1.0000000e+00
   2.5426124e+00   5.5694376e+00   1.0000000e+00
   2.4198480e+00   5.3772625e+00   1.0000000e+00
   2.5038583e+00   5.9508107e+00   1.0000000e+00
   1.9022304e+00   5.9689038e+00   1.0000000e+00
   2.4304112e+00   5.2964008e+00   1.0000000e+00
   3.0313812e+00   5.8061175e+00   1.0000000e+00
   2.5144217e+00   5.9883275e+00   1.0000000e+00
   2.5044808e+00   5.6123248e+00   1.0000000e+00
   2.2430408e+00   6.0681839e+00   1.0000000e+00
   2.4992152e+00   5.8718317e+00   1.0000000e+00
   2.6013215e+00   5.5748568e+00   1.0000000e+00
   2.6792356e+00   5.8067011e+00   1.0000000e+00
   2.4095169e+00   5.5677224e+00   1.0000000e+00
   2.4672409e+00   5.3542877e+00   1.0000000e+00
   3.2682918e+00   5.6247405e+00   1.0000000e+00
   1.7795761e+00   5.5116977e+00   1.0000000e+00
   3.3603060e+00   5.3710988e+00   1.0000000e+00
   2.7081473e+00   6.1182363e+00   1.0000000e+00
   2.9500213e+00   5.5754448e+00   1.0000000e+00
   2.0275424e+00   6.4532110e+00   1.0000000e+00
   2.4134879e+00   5.3934605e+00   1.0000000e+00
   2.5326775e+00   5.6941212e+00   1.0000000e+00
   2.7879505e+00   6.0499942e+00   1.0000000e+00
   2.0654298e+00   6.4507265e+00   1.0000000e+00
   2.8250720e+00   5.6011222e+00   1.0000000e+00
   2.2455035e+00   5.2176228e+00   1.0000000e+00
   2.7031665e+00   5.7746947e+00   1.0000000e+00
   2.9183246e+00   5.0308036e+00   1.0000000e+00
   2.8144710e+00   5.3961411e+00   1.0000000e+00
   3.0889217e+00   5.5863178e+00   1.0000000e+00
   3.0721270e+00   6.0116449e+00   1.0000000e+00
   2.5021823e+00   5.9923971e+00   1.0000000e+00
   2.8299697e+00   5.4788068e+00   1.0000000e+00
   2.4194678e+00   5.8108446e+00   1.0000000e+00
   2.2973740e+00   5.3739951e+00   1.0000000e+00
   3.0936891e+00   5.7167709e+00   1.0000000e+00
   2.7800174e+00   6.1546234e+00   1.0000000e+00
   2.7707784e+00   5.5379889e+00   1.0000000e+00
   3.1188945e+00   5.3767470e+00   1.0000000e+00
   3.0181043e+00   5.3056934e+00   1.0000000e+00
   2.9425704e+00   5.7302004e+00   1.0000000e+00
   3.2675879e+00   5.9461753e+00   1.0000000e+00
   3.1654263e+00   6.2207601e+00   1.0000000e+00
   2.9339171e+00   5.4942948e+00   1.0000000e+00
   2.6183736e+00   5.5310068e+00   1.0000000e+00
   2.6419562e+00   5.2510210e+00   1.0000000e+00
   3.2972357e+00   6.0351483e+00   1.0000000e+00
   2.3258594e+00   5.4429856e+00   1.0000000e+00
   2.8914383e+00   5.3021595e+00   1.0000000e+00
   2.2279035e+00   6.2306351e+00   1.0000000e+00
   3.2771743e+00   5.7479259e+00   1.0000000e+00
   3.2316007e+00   5.7134624e+00   1.0000000e+00
   2.9404067e+00   5.1090255e+00   1.0000000e+00
   2.9252070e+00   5.6110618e+00   1.0000000e+00
   2.0898006e+00   5.6393659e+00   1.0000000e+00
   3.1734103e+00   5.0731370e+00   1.0000000e+00
   2.2126478e+00   5.3744593e+00   1.0000000e+00
   2.1782519e+00   5.3097871e+00   1.0000000e+00
   3.0279768e+00   5.6342405e+00   1.0000000e+00
   2.6780317e+00   5.0949902e+00   1.0000000e+00
   3.1640217e+00   5.8264814e+00   1.0000000e+00
   3.2669422e+00   6.0678803e+00   1.0000000e+00
   3.3402064e+00   5.3346693e+00   1.0000000e+00
   2.8080943e+00   5.4357059e+00   1.0000000e+00
   3.2172822e+00   5.6137951e+00   1.0000000e+00
   3.1052217e+00   5.8552910e+00   1.0000000e+00
   3.3691245e+00   5.6144957e+00   1.0000000e+00
   3.2776550e+00   5.5683488e+00   1.0000000e+00
   3.4142609e+00   5.2579484e+00   1.0000000e+00
   3.0638217e+00   5.3434141e+00   1.0000000e+00
   3.0684795e+00   5.6365849e+00   1.0000000e+00
   3.4827207e+00   6.0083158e+00   1.0000000e+00
   2.3967206e+00   5.6156297e+00   1.0000000e+00
   2.9733948e+00   4.9919113e+00   1.0000000e+00
   2.7152919e+00   5.5628778e+00   1.0000000e+00
   3.0360953e+00   5.3763050e+00   1.0000000e+00
   3.4070377e+00   5.3203239e+00   1.0000000e+00
   3.4790045e+00   5.3261781e+00   1.0000000e+00
   2.8447697e+00   5.0920816e+00   1.0000000e+00
   3.0451255e+00   5.2847792e+00   1.0000000e+00
   3.2679587e+00   5.1195307e+00   1.0000000e+00
   3.1278478e+00   5.2633089e+00   1.0000000e+00
   3.3456365e+00   5.4290145e+00   1.0000000e+00
   3.3899758e+00   5.4458669e+00   1.0000000e+00
   2.9345135e+00   5.3062003e+00   1.0000000e+00
   3.2081094e+00   5.3250519e+00   1.0000000e+00
   2.5337669e+00   5.3869961e+00   1.0000000e+00
   3.6908766e+00   5.5322967e+00   1.0000000e+00
   3.0798182e+00   5.8171148e+00   1.0000000e+00
   2.8886525e+00   5.5821742e+00   1.0000000e+00
   3.2311194e+00   5.2613585e+00   1.0000000e+00
   2.8299736e+00   5.5675040e+00   1.0000000e+00
   3.3326998e+00   5.2687185e+00   1.0000000e+00
   3.1537673e+00   4.7278056e+00   1.0000000e+00
   4.1222225e+00   4.5258904e+00   1.0000000e+00
   3.7684629e+00   4.7439780e+00   1.0000000e+00
   2.5060897e+00   5.2570055e+00   1.0000000e+00
   3.5444644e+00   5.1193459e+00   1.0000000e+00
   2.9106517e+00   5.0803246e+00   1.0000000e+00
   3.3207307e+00   5.3427274e+00   1.0000000e+00
   3.4775414e+00   5.0939210e+00   1.0000000e+00
   3.6917069e+00   5.0999016e+00   1.0000000e+00
   3.3444336e+00   5.5299179e+00   1.0000000e+00
   4.0017051e+00   5.5862835e+00   1.0000000e+00
   3.2916720e+00   6.1611373e+00   1.0000000e+00
   3.5846292e+00   5.4099910e+00   1.0000000e+00
   3.7126569e+00   5.3203250e+00   1.0000000e+00
   3.5198160e+00   5.0946794e+00   1.0000000e+00
   3.8083335e+00   5.2229635e+00   1.0000000e+00
   3.6231246e+00   5.2692115e+00   1.0000000e+00
   3.2455488e+00   4.6679336e+00   1.0000000e+00
   2.8981193e+00   5.1878844e+00   1.0000000e+00
   4.1905075e+00   5.5357512e+00   1.0000000e+00
   3.3384145e+00   5.0690428e+00   1.0000000e+00
   3.5961759e+00   5.4371372e+00   1.0000000e+00
   3.7671084e+00   5.6064510e+00   1.0000000e+00
   3.6197589e+00   5.6316831e+00   1.0000000e+00
   3.2733458e+00   5.5217613e+00   1.0000000e+00
   3.4362999e+00   4.4540503e+00   1.0000000e+00
   3.5662885e+00   5.0425351e+00   1.0000000e+00
   4.1376355e+00   5.5506059e+00   1.0000000e+00
   3.3287145e+00   5.3681813e+00   1.0000000e+00
   3.9146340e+00   5.2266485e+00   1.0000000e+00
   3.7580181e+00   5.3727188e+00   1.0000000e+00
   3.5781490e+00   5.6101134e+00   1.0000000e+00
   3.3000595e+00   5.2631409e+00   1.0000000e+00
   3.5805507e+00   4.9384769e+00   1.0000000e+00
   3.6596584e+00   5.1355561e+00   1.0000000e+00
   3.1857117e+00   5.1204449e+00   1.0000000e+00
   3.7772638e+00   5.5015308e+00   1.0000000e+00
   3.4321974e+00   5.3264168e+00   1.0000000e+00
   3.6970158e+00   5.3681199e+00   1.0000000e+00
   3.8576747e+00   5.2225486e+00   1.0000000e+00
   3.4333711e+00   5.0382700e+00   1.0000000e+00
   3.6591103e+00   5.1806586e+00   1.0000000e+00
   3.8925220e+00   5.2292396e+00   1.0000000e+00
   3.1374493e+00   4.6581208e+00   1.0000000e+00
   4.1525916e+00   5.2040761e+00   1.0000000e+00
   4.6485614e+00   5.4600701e+00   1.0000000e+00
   4.1457902e+00   5.0907334e+00   1.0000000e+00
   3.7094798e+00   5.6734502e+00   1.0000000e+00
   3.9800179e+00   5.3130326e+00   1.0000000e+00
   3.4774053e+00   4.9634243e+00   1.0000000e+00
   4.5072529e+00   5.0502817e+00   1.0000000e+00
   4.1892465e+00   5.0013935e+00   1.0000000e+00
   4.1455710e+00   5.1755880e+00   1.0000000e+00
   3.5734440e+00   5.3487505e+00   1.0000000e+00
   4.0019822e+00   4.9757873e+00   1.0000000e+00
   3.7045970e+00   5.2316874e+00   1.0000000e+00
   3.8009997e+00   5.6787880e+00   1.0000000e+00
   3.7204965e+00   5.3835931e+00   1.0000000e+00
   3.5709932e+00   5.3394766e+00   1.0000000e+00
   3.6219390e+00   4.7584417e+00   1.0000000e+00
   3.8765359e+00   4.8495697e+00   1.0000000e+00
   3.3653976e+00   5.1142772e+00   1.0000000e+00
   4.1826602e+00   4.9869255e+00   1.0000000e+00
   3.9387706e+00   4.4460779e+00   1.0000000e+00
   4.2347061e+00   4.4774130e+00   1.0000000e+00
   4.0943770e+00   5.3591663e+00   1.0000000e+00
   4.1830005e+00   4.7271162e+00   1.0000000e+00
   3.5009076e+00   5.7122632e+00   1.0000000e+00
   3.6729075e+00   4.1994491e+00   1.0000000e+00
   3.8835517e+00   5.1264327e+00   1.0000000e+00
   4.0883805e+00   4.9617237e+00   1.0000000e+00
   4.4550578e+00   4.6888771e+00   1.0000000e+00
   3.9685129e+00   5.0870470e+00   1.0000000e+00
   4.5215428e+00   4.6595725e+00   1.0000000e+00
   4.2563987e+00   5.2301468e+00   1.0000000e+00
   4.5109409e+00   4.9443415e+00   1.0000000e+00
   4.1544315e+00   4.3387781e+00   1.0000000e+00
   3.8901144e+00   4.0554384e+00   1.0000000e+00
   3.6115103e+00   4.7962069e+00   1.0000000e+00
   4.1944211e+00   5.2879344e+00   1.0000000e+00
   4.4364930e+00   4.9415732e+00   1.0000000e+00
   4.0575942e+00   4.8883190e+00   1.0000000e+00
   3.9807248e+00   5.1011170e+00   1.0000000e+00
   4.0719754e+00   4.3636853e+00   1.0000000e+00
   3.8061923e+00   5.3411321e+00   1.0000000e+00
   4.0274466e+00   4.5201824e+00   1.0000000e+00
   4.1467412e+00   4.8369227e+00   1.0000000e+00
   4.2360444e+00   4.6870275e+00   1.0000000e+00
   4.2076759e+00   4.8570885e+00   1.0000000e+00
   4.4539673e+00   4.1145231e+00   1.0000000e+00
   4.2882612e+00   5.3187203e+00   1.0000000e+00
   4.8949054e+00   4.9665335e+00   1.0000000e+00
   4.3792083e+00   5.4690057e+00   1.0000000e+00
   4.9115728e+00   5.2512834e+00   1.0000000e+00
   4.0369075e+00   4.7492689e+00   1.0000000e+00
   4.4842915e+00   4.4062679e+00   1.0000000e+00
   4.2189122e+00   4.1158820e+00   1.0000000e+00
   4.5300499e+00   4.7198827e+00   1.0000000e+00
   4.5378758e+00   4.7799673e+00   1.0000000e+00
   3.5748924e+00   5.0584911e+00   1.0000000e+00
   3.8855349e+00   4.3486732e+00   1.0000000e+00
   3.8556452e+00   4.9486281e+00   1.0000000e+00
   4.5106456e+00   4.6842473e+00   1.0000000e+00
   4.8945704e+00   4.3771173e+00   1.0000000e+00
   4.2756150e+00   4.9073857e+00   1.0000000e+00
   4.6843131e+00   4.7177868e+00   1.0000000e+00
   4.6009390e+00   4.5307537e+00   1.0000000e+00
   4.0519287e+00   5.2581769e+00   1.0000000e+00
   4.5691134e+00   4.8022901e+00   1.0000000e+00
   4.1768368e+00   4.5382364e+00   1.0000000e+00
   4.9806934e+00   4.6615589e+00   1.0000000e+00
   4.4486017e+00   4.5823681e+00   1.0000000e+00
   5.0425999e+00   4.5999457e+00   1.0000000e+00
   4.3312295e+00   4.6850596e+00   1.0000000e+00
   4.6963017e+00   4.3020102e+00   1.0000000e+00
   4.4780231e+00   4.2210416e+00   1.0000000e+00
   3.8023144e+00   4.6128004e+00   1.0000000e+00
   4.1762540e+00   5.1327383e+00   1.0000000e+00
   4.7443790e+00   4.3517559e+00   1.0000000e+00
   4.5207899e+00   4.0906764e+00   1.0000000e+00
   4.1584438e+00   4.3474179e+00   1.0000000e+00
   4.3407675e+00   4.2470693e+00   1.0000000e+00
   4.6573312e+00   4.2872497e+00   1.0000000e+00
   4.2324433e+00   4.5533704e+00   1.0000000e+00
   4.9312326e+00   4.3263219e+00   1.0000000e+00
   4.3757517e+00   4.1484423e+00   1.0000000e+00
   5.2431019e+00   4.1855395e+00   1.0000000e+00
   4.2420468e+00   3.8621052e+00   1.0000000e+00
   4.6997163e+00   4.0080221e+00   1.0000000e+00
   4.1076407e+00   3.7978891e+00   1.0000000e+00
   4.3967291e+00   4.0951400e+00   1.0000000e+00
   4.4523624e+00   3.8789452e+00   1.0000000e+00
   4.8104677e+00   3.9939050e+00   1.0000000e+00
   5.0097467e+00   4.1181856e+00   1.0000000e+00
   4.7951701e+00   3.7856236e+00   1.0000000e+00
   4.5694253e+00   4.1806574e+00   1.0000000e+00
   4.9954210e+00   4.2878469e+00   1.0000000e+00
   4.9996104e+00   3.8124778e+00   1.0000000e+00
   4.7720718e+00   4.5199614e+00   1.0000000e+00
   4.9399367e+00   3.5549982e+00   1.0000000e+00
   4.8944786e+00   3.9525966e+00   1.0000000e+00
   4.4145633e+00   3.5491910e+00   1.0000000e+00
   5.0358489e+00   3.9268059e+00   1.0000000e+00
   4.5499795e+00   3.5621049e+00   1.0000000e+00
   4.5786285e+00   3.8017534e+00   1.0000000e+00
   4.8619314e+00   3.7205485e+00   1.0000000e+00
   4.7023738e+00   3.5412305e+00   1.0000000e+00
   4.7738629e+00   3.2087495e+00   1.0000000e+00
   5.0383752e+00   4.1039166e+00   1.0000000e+00
   5.2063915e+00   4.5800498e+00   1.0000000e+00
   4.7807145e+00   4.6311008e+00   1.0000000e+00
   4.9746874e+00   3.6526015e+00   1.0000000e+00
   4.7865945e+00   3.7795748e+00   1.0000000e+00
   4.9603589e+00   3.6022336e+00   1.0000000e+00
   5.0439993e+00   3.7599983e+00   1.0000000e+00
   4.6840969e+00   3.3784306e+00   1.0000000e+00
   5.0061929e+00   2.9929423e+00   1.0000000e+00
   5.1303857e+00   3.6146204e+00   1.0000000e+00
   4.9623078e+00   3.1586581e+00   1.0000000e+00
   5.5454445e+00   2.8785743e+00   1.0000000e+00
   4.7370049e+00   4.3284807e+00   1.0000000e+00
   4.7020291e+00   3.3637501e+00   1.0000000e+00
   4.3575422e+00   3.5274930e+00   1.0000000e+00
   5.2986689e+00   3.7329587e+00   1.0000000e+00
   5.2934789e+00   2.6337175e+00   1.0000000e+00
   4.9720375e+00   3.1446020e+00   1.0000000e+00
   2.8244666e+00   3.9522277e+00   0.0000000e+00
   2.5842962e+00   3.7134778e+00   0.0000000e+00
   2.6317765e+00   3.6690946e+00   0.0000000e+00
   2.5795307e+00   3.3697990e+00   0.0000000e+00
   2.7039833e+00   3.7555775e+00   0.0000000e+00
   2.5955819e+00   3.1580941e+00   0.0000000e+00
   3.5455673e+00   3.1338135e+00   0.0000000e+00
   2.1716672e+00   3.6264927e+00   0.0000000e+00
   1.9409953e+00   3.9255350e+00   0.0000000e+00
   2.2007616e+00   3.1647620e+00   0.0000000e+00
   2.2273298e+00   3.0898059e+00   0.0000000e+00
   2.4682367e+00   3.3775808e+00   0.0000000e+00
   2.5710355e+00   3.5796488e+00   0.0000000e+00
   2.5635133e+00   3.5139304e+00   0.0000000e+00
   2.8394671e+00   3.2416148e+00   0.0000000e+00
   2.7962432e+00   2.8979577e+00   0.0000000e+00
   2.9329301e+00   3.3142714e+00   0.0000000e+00
   3.3023896e+00   3.0408177e+00   0.0000000e+00
   3.1180719e+00   3.5259510e+00   0.0000000e+00
   2.2508604e+00   2.5273297e+00   0.0000000e+00
   1.8948659e+00   3.0464854e+00   0.0000000e+00
   3.0356760e+00   3.4259263e+00   0.0000000e+00
   2.0875265e+00   2.7793469e+00   0.0000000e+00
   2.7633649e+00   2.7124801e+00   0.0000000e+00
   2.7624178e+00   2.5835033e+00   0.0000000e+00
   3.5395088e+00   2.7923112e+00   0.0000000e+00
   2.7457750e+00   2.7997278e+00   0.0000000e+00
   2.6024369e+00   2.8982508e+00   0.0000000e+00
   2.8725334e+00   2.5221107e+00   0.0000000e+00
   2.8860317e+00   2.8414541e+00   0.0000000e+00
   2.8345158e+00   2.5828660e+00   0.0000000e+00
   2.6069968e+00   2.6471804e+00   0.0000000e+00
   2.4020923e+00   2.4652299e+00   0.0000000e+00
   2.9507751e+00   2.6424042e+00   0.0000000e+00
   2.3799958e+00   3.9737186e+00   0.0000000e+00
   2.4987355e+00   3.9001968e+00   0.0000000e+00
   3.3359256e+00   3.0925668e+00   0.0000000e+00
   2.7333839e+00   2.9505496e+00   0.0000000e+00
   2.8408874e+00   2.2117940e+00   0.0000000e+00
   3.2149378e+00   2.4389264e+00   0.0000000e+00
   2.8049611e+00   2.4113844e+00   0.0000000e+00
   3.2802780e+00   2.8004163e+00   0.0000000e+00
   2.8092269e+00   2.7672252e+00   0.0000000e+00
   3.2944807e+00   2.6214918e+00   0.0000000e+00
   3.1702671e+00   2.4499915e+00   0.0000000e+00
   2.8854447e+00   2.2308233e+00   0.0000000e+00
   2.6670059e+00   2.5427190e+00   0.0000000e+00
   2.6149121e+00   2.9257461e+00   0.0000000e+00
   2.8954759e+00   2.6630032e+00   0.0000000e+00
   2.8466505e+00   2.5633613e+00   0.0000000e+00
   2.8669640e+00   2.7168764e+00   0.0000000e+00
   3.3642408e+00   2.6781832e+00   0.0000000e+00
   2.9258060e+00   1.8950539e+00   0.0000000e+00
   3.4402876e+00   2.4546690e+00   0.0000000e+00
   2.8639330e+00   2.2864649e+00   0.0000000e+00
   3.4003980e+00   1.7112582e+00   0.0000000e+00
   2.8872123e+00   1.9459503e+00   0.0000000e+00
   3.1418022e+00   2.2869154e+00   0.0000000e+00
   3.4297582e+00   2.6758601e+00   0.0000000e+00
   2.9551097e+00   2.2949398e+00   0.0000000e+00
   2.9566053e+00   2.4553587e+00   0.0000000e+00
   3.8211867e+00   2.0377994e+00   0.0000000e+00
   3.4628477e+00   1.5856972e+00   0.0000000e+00
   2.9887987e+00   2.3624218e+00   0.0000000e+00
   3.3771293e+00   1.9855693e+00   0.0000000e+00
   3.0339733e+00   2.7179526e+00   0.0000000e+00
   3.4170598e+00   2.9040220e+00   0.0000000e+00
   3.6755472e+00   2.1559636e+00   0.0000000e+00
   2.6284195e+00   2.6930025e+00   0.0000000e+00
   3.5600986e+00   2.5988417e+00   0.0000000e+00
   3.7202887e+00   1.7594837e+00   0.0000000e+00
   3.2366150e+00   2.2328766e+00   0.0000000e+00
   3.8411898e+00   2.3258601e+00   0.0000000e+00
   3.2943856e+00   2.4075482e+00   0.0000000e+00
   2.8170081e+00   2.4515183e+00   0.0000000e+00
   2.4922770e+00   2.4409340e+00   0.0000000e+00
   3.1533075e+00   2.4326959e+00   0.0000000e+00
   3.5297402e+00   2.0763204e+00   0.0000000e+00
   3.4010927e+00   2.3090303e+00   0.0000000e+00
   3.4447636e+00   1.3784553e+00   0.0000000e+00
   3.1080200e+00   1.7488232e+00   0.0000000e+00
   3.3704006e+00   2.5693101e+00   0.0000000e+00
   2.7564670e+00   1.9083383e+00   0.0000000e+00
   3.0739685e+00   2.2453142e+00   0.0000000e+00
   3.0634224e+00   2.6496805e+00   0.0000000e+00
   3.5419051e+00   1.8019796e+00   0.0000000e+00
   3.3650440e+00   1.7687030e+00   0.0000000e+00
   2.9755647e+00   1.9234474e+00   0.0000000e+00
   3.3866663e+00   2.2418061e+00   0.0000000e+00
   3.1585663e+00   2.0073952e+00   0.0000000e+00
   3.1766553e+00   1.7285449e+00   0.0000000e+00
   3.7224523e+00   1.5120477e+00   0.0000000e+00
   3.4696968e+00   1.9248751e+00   0.0000000e+00
   3.5794270e+00   1.9690382e+00   0.0000000e+00
   3.7593895e+00   1.8511710e+00   0.0000000e+00
   3.5230902e+00   1.9389444e+00   0.0000000e+00
   3.6627991e+00   1.6394604e+00   0.0000000e+00
   3.7190375e+00   2.2073892e+00   0.0000000e+00
   3.8997130e+00   1.2464220e+00   0.0000000e+00
   3.6665512e+00   2.0506151e+00   0.0000000e+00
   4.0042814e+00   2.2267006e+00   0.0000000e+00
   3.5279130e+00   1.6880649e+00   0.0000000e+00
   3.5132457e+00   1.9578661e+00   0.0000000e+00
   4.1354671e+00   2.0727410e+00   0.0000000e+00
   3.3716009e+00   1.7483423e+00   0.0000000e+00
   3.5590008e+00   1.9516007e+00   0.0000000e+00
   3.8919535e+00   2.0936057e+00   0.0000000e+00
   3.6324331e+00   1.6144263e+00   0.0000000e+00
   4.0817267e+00   2.2278680e+00   0.0000000e+00
   3.9619425e+00   2.3118569e+00   0.0000000e+00
   3.7120496e+00   2.0344575e+00   0.0000000e+00
   3.3478055e+00   1.9206792e+00   0.0000000e+00
   3.8283436e+00   1.5012318e+00   0.0000000e+00
   3.1560826e+00   2.0754812e+00   0.0000000e+00
   3.7355661e+00   1.4702903e+00   0.0000000e+00
   3.9429536e+00   2.4462308e+00   0.0000000e+00
   3.7445646e+00   2.0674054e+00   0.0000000e+00
   3.9878870e+00   1.9695756e+00   0.0000000e+00
   4.4036067e+00   1.7329451e+00   0.0000000e+00
   4.0233764e+00   1.1028758e+00   0.0000000e+00
   3.8034211e+00   1.4400495e+00   0.0000000e+00
   3.9445815e+00   1.9804013e+00   0.0000000e+00
   3.8789199e+00   2.6909624e+00   0.0000000e+00
   3.2798468e+00   2.0998274e+00   0.0000000e+00
   3.6042561e+00   1.9433477e+00   0.0000000e+00
   4.1886407e+00   1.6394982e+00   0.0000000e+00
   3.7547455e+00   1.8663111e+00   0.0000000e+00
   3.9838481e+00   2.1546887e+00   0.0000000e+00
   3.4377250e+00   1.7234388e+00   0.0000000e+00
   3.8225809e+00   2.4689434e+00   0.0000000e+00
   4.0201022e+00   1.3742979e+00   0.0000000e+00
   3.3434698e+00   1.6643206e+00   0.0000000e+00
   3.9516574e+00   1.8090290e+00   0.0000000e+00
   3.7763549e+00   1.1015352e+00   0.0000000e+00
   3.5211628e+00   1.9780999e+00   0.0000000e+00
   3.8468634e+00   1.8022786e+00   0.0000000e+00
   3.2062934e+00   1.7982006e+00   0.0000000e+00
   3.1352081e+00   2.0430638e+00   0.0000000e+00
   3.4780768e+00   2.1252242e+00   0.0000000e+00
   3.5533137e+00   2.0357702e+00   0.0000000e+00
   3.4994387e+00   1.5860448e+00   0.0000000e+00
   3.3161003e+00   1.7290087e+00   0.0000000e+00
   4.0308798e+00   1.8642617e+00   0.0000000e+00
   3.3820357e+00   1.2959643e+00   0.0000000e+00
   3.9885766e+00   1.3685787e+00   0.0000000e+00
   4.2354733e+00   1.5771515e+00   0.0000000e+00
   3.9692206e+00   1.7492244e+00   0.0000000e+00
   4.0125881e+00   2.3443708e+00   0.0000000e+00
   3.8576450e+00   1.9921446e+00   0.0000000e+00
   3.4810634e+00   1.5538369e+00   0.0000000e+00
   3.9946635e+00   1.4841918e+00   0.0000000e+00
   4.3562888e+00   2.2369157e+00   0.0000000e+00
   4.6383857e+00   2.6525907e+00   0.0000000e+00
   3.8894278e+00   1.7502709e+00   0.0000000e+00
   3.4804370e+00   1.5199310e+00   0.0000000e+00
   4.1182216e+00   1.1890220e+00   0.0000000e+00
   4.2016931e+00   2.0206640e+00   0.0000000e+00
   4.0005673e+00   1.7768372e+00   0.0000000e+00
   3.6878807e+00   2.0793955e+00   0.0000000e+00
   4.8085164e+00   1.3495723e+00   0.0000000e+00
   3.2841668e+00   1.7479864e+00   0.0000000e+00
   3.9415098e+00   1.4310838e+00   0.0000000e+00
   3.6674310e+00   2.1024978e+00   0.0000000e+00
   3.9173551e+00   1.4596592e+00   0.0000000e+00
   4.2612480e+00   1.6183433e+00   0.0000000e+00
   4.2083168e+00   1.5236079e+00   0.0000000e+00
   3.9212427e+00   1.9896884e+00   0.0000000e+00
   4.4519512e+00   1.7882584e+00   0.0000000e+00
   4.4078379e+00   1.2833925e+00   0.0000000e+00
   4.4265833e+00   1.4100154e+00   0.0000000e+00
   4.0610289e+00   1.2621035e+00   0.0000000e+00
   4.5870033e+00   1.8017922e+00   0.0000000e+00
   4.4612475e+00   1.7377179e+00   0.0000000e+00
   5.1180704e+00   1.0459255e+00   0.0000000e+00
   4.6222109e+00   9.4775792e-01   0.0000000e+00
   4.6649226e+00   1.5978906e+00   0.0000000e+00
   4.2885426e+00   1.8529719e+00   0.0000000e+00
   3.8290649e+00   1.6650049e+00   0.0000000e+00
   4.1600726e+00   1.0626106e+00   0.0000000e+00
   4.0347728e+00   1.0568692e+00   0.0000000e+00
   4.1126109e+00   1.9005831e+00   0.0000000e+00
   4.5142985e+00   1.5433763e+00   0.0000000e+00
   4.1351277e+00   1.4562681e+00   0.0000000e+00
   4.0267104e+00   2.0493647e+00   0.0000000e+00
   4.2067353e+00   1.3072160e+00   0.0000000e+00
   4.3036896e+00   1.6307125e+00   0.0000000e+00
   4.5132671e+00   1.7269142e+00   0.0000000e+00
   4.0465774e+00   1.8650578e+00   0.0000000e+00
   4.5010611e+00   1.2765382e+00   0.0000000e+00
   4.4273070e+00   1.6981293e+00   0.0000000e+00
   4.8735349e+00   2.5325807e+00   0.0000000e+00
   4.3453903e+00   1.0386686e+00   0.0000000e+00
   4.3829325e+00   1.7177398e+00   0.0000000e+00
   4.0300255e+00   1.4831084e+00   0.0000000e+00
   3.9651581e+00   1.2717701e+00   0.0000000e+00
   4.5686779e+00   1.2678227e+00   0.0000000e+00
   4.3826788e+00   1.7310907e+00   0.0000000e+00
   4.6563104e+00   2.3651471e+00   0.0000000e+00
   4.1775685e+00   1.2747338e+00   0.0000000e+00
   5.1679793e+00   1.7398461e+00   0.0000000e+00
   4.5527807e+00   1.3528188e+00   0.0000000e+00
   4.8864616e+00   2.2383108e+00   0.0000000e+00
   4.4505779e+00   1.7352086e+00   0.0000000e+00
   4.4831243e+00   1.4944174e+00   0.0000000e+00
   4.7915182e+00   1.7577899e+00   0.0000000e+00
   4.7545149e+00   1.5370706e+00   0.0000000e+00
   4.1779107e+00   1.9247774e+00   0.0000000e+00
   4.0435574e+00   1.4705760e+00   0.0000000e+00
   4.2057463e+00   1.1413529e+00   0.0000000e+00
   4.1044793e+00   1.6184648e+00   0.0000000e+00
   4.6308497e+00   2.0769704e+00   0.0000000e+00
   4.4760622e+00   1.1102312e+00   0.0000000e+00
   4.5011962e+00   1.4427108e+00   0.0000000e+00
   4.1636629e+00   1.8777456e+00   0.0000000e+00
   4.9228486e+00   8.5257721e-01   0.0000000e+00
   4.8137939e+00   1.7421339e+00   0.0000000e+00
   4.6386321e+00   1.7854119e+00   0.0000000e+00
   5.0374130e+00   1.5952839e+00   0.0000000e+00
   4.3841072e+00   1.2497125e+00   0.0000000e+00
   4.8451451e+00   1.5155681e+00   0.0000000e+00
   4.8319544e+00   1.5494923e+00   0.0000000e+00
   4.8422390e+00   1.8430674e+00   0.0000000e+00
   4.4747635e+00   1.7468540e+00   0.0000000e+00
   4.8543941e+00   1.3909753e+00   0.0000000e+00
   4.5697914e+00   2.0794885e+00   0.0000000e+00
   4.4462438e+00   1.4937551e+00   0.0000000e+00
   4.3488561e+00   1.2261585e+00   0.0000000e+00
   5.1432355e+00   1.3562518e+00   0.0000000e+00
   4.4939195e+00   1.8093491e+00   0.0000000e+00
   4.7394802e+00   1.5763384e+00   0.0000000e+00
   4.3869718e+00   1.8183322e+00   0.0000000e+00
   4.7160056e+00   1.5307161e+00   0.0000000e+00
   3.6987868e+00   2.3761742e+00   0.0000000e+00
   4.4595643e+00   9.2215016e-01   0.0000000e+00
   4.3507473e+00   1.3589293e+00   0.0000000e+00
   4.5049422e+00   1.4744445e+00   0.0000000e+00
   4.7953565e+00   1.5346205e+00   0.0000000e+00
   4.7661283e+00   2.0125332e+00   0.0000000e+00
   5.5705392e+00   1.5792299e+00   0.0000000e+00
   4.6998794e+00   1.4617938e+00   0.0000000e+00
   4.8224887e+00   1.5256314e+00   0.0000000e+00
   4.3707396e+00   1.7643035e+00   0.0000000e+00
   4.7629161e+00   1.2596807e+00   0.0000000e+00
   4.4717082e+00   1.6585049e+00   0.0000000e+00
   4.9606047e+00   9.5274142e-01   0.0000000e+00
   5.2585804e+00   1.4727414e+00   0.0000000e+00
   5.1114887e+00   1.1705528e+00   0.0000000e+00
   4.7347829e+00   1.2715785e+00   0.0000000e+00
   4.4193100e+00   1.5989052e+00   0.0000000e+00
   5.5110046e+00   1.1062223e+00   0.0000000e+00
   5.7275150e+00   1.1538791e+00   0.0000000e+00
   5.0621752e+00   9.6952943e-01   0.0000000e+00
   4.6835344e+00   7.2020134e-01   0.0000000e+00
   5.4592200e+00   1.4472874e+00   0.0000000e+00
   4.8425703e+00   1.9074606e+00   0.0000000e+00
   4.8955667e+00   1.4370424e+00   0.0000000e+00
   5.3802321e+00   1.4190965e+00   0.0000000e+00
   4.5951731e+00   1.1349234e+00   0.0000000e+00
   4.4051361e+00   2.0557821e+00   0.0000000e+00
   5.2472393e+00   1.4147061e+00   0.0000000e+00
   5.2502583e+00   1.9553278e+00   0.0000000e+00
   5.1532998e+00   1.6295747e+00   0.0000000e+00
   5.3038395e+00   1.4113139e+00   0.0000000e+00
   5.5187842e+00   1.8826736e+00   0.0000000e+00
   5.4896567e+00   1.8483560e+00   0.0000000e+00
   4.9610007e+00   1.4661199e+00   0.0000000e+00
   5.4534902e+00   1.9593695e+00   0.0000000e+00
   5.2406366e+00   2.1299417e+00   0.0000000e+00
   5.0130601e+00   1.4842652e+00   0.0000000e+00
   4.7823430e+00   1.4185245e+00   0.0000000e+00
   5.4364398e+00   1.6504590e+00   0.0000000e+00
   5.0962321e+00   1.6328137e+00   0.0000000e+00
   5.2462521e+00   1.7932314e+00   0.0000000e+00
   4.9624684e+00   1.4220900e+00   0.0000000e+00
   4.7073199e+00   1.7628211e+00   0.0000000e+00
   5.3200552e+00   1.8805658e+00   0.0000000e+00
   5.2482513e+00   1.5767648e+00   0.0000000e+00
   5.6996598e+00   1.5693837e+00   0.0000000e+00
   5.5705964e+00   1.0778634e+00   0.0000000e+00
   5.6686566e+00   1.1075850e+00   0.0000000e+00
   5.0478931e+00   1.0077898e+00   0.0000000e+00
   4.9922857e+00   1.0850638e+00   0.0000000e+00
   4.8858196e+00   1.4675909e+00   0.0000000e+00
   5.5142932e+00   9.5800807e-01   0.0000000e+00
   6.3261784e+00   2.3107440e+00   0.0000000e+00
   5.6146502e+00   1.7848042e+00   0.0000000e+00
   5.0994276e+00   8.0385572e-01   0.0000000e+00
   5.6728218e+00   1.1249561e+00   0.0000000e+00
   4.9950844e+00   1.4930902e+00   0.0000000e+00
   4.9014355e+00   9.3269978e-01   0.0000000e+00
   5.6611048e+00   1.3728861e+00   0.0000000e+00
   5.1477331e+00   1.9173825e+00   0.0000000e+00
   5.5405951e+00   1.4798995e+00   0.0000000e+00
   5.9322873e+00   1.5154904e+00   0.0000000e+00
   5.5903936e+00   1.1902761e+00   0.0000000e+00
   5.7853811e+00   1.3482029e+00   0.0000000e+00
   4.9079692e+00   1.0715327e+00   0.0000000e+00
   5.7115377e+00   1.6739866e+00   0.0000000e+00
   6.2384758e+00   1.3902176e+00   0.0000000e+00
   5.6893988e+00   1.8246883e+00   0.0000000e+00
   4.9706930e+00   1.9856056e+00   0.0000000e+00
   5.4489000e+00   1.9316973e+00   0.0000000e+00
   5.3550122e+00   1.5446314e+00   0.0000000e+00
   5.6740584e+00   1.3826210e+00   0.0000000e+00
   5.6942124e+00   1.1328437e+00   0.0000000e+00
   5.7019224e+00   1.6050053e+00   0.0000000e+00
   5.4426767e+00   1.9016629e+00   0.0000000e+00
   5.3702548e+00   1.4488849e+00   0.0000000e+00
   5.3836439e+00   1.5099559e+00   0.0000000e+00
   5.8987393e+00   1.7887730e+00   0.0000000e+00
   4.9614472e+00   1.8779337e+00   0.0000000e+00
   5.5474439e+00   1.0821800e+00   0.0000000e+00
   5.7246324e+00   1.6506651e+00   0.0000000e+00
   5.4115301e+00   1.6518474e+00   0.0000000e+00
   5.8170295e+00   1.5330821e+00   0.0000000e+00
   5.6350381e+00   1.9011678e+00   0.0000000e+00
   5.3415945e+00   1.4639862e+00   0.0000000e+00
   5.7364772e+00   1.3050908e+00   0.0000000e+00
   5.5961360e+00   1.6937099e+00   0.0000000e+00
   5.5565446e+00   1.7609291e+00   0.0000000e+00
   5.4610371e+00   1.5268120e+00   0.0000000e+00
   5.7415059e+00   1.8845670e+00   0.0000000e+00
   5.0838548e+00   1.0776463e+00   0.0000000e+00
   5.6005834e+00   1.2358092e+00   0.0000000e+00
   5.5597582e+00   5.3989399e-01   0.0000000e+00
   5.4408355e+00   1.8008124e+00   0.0000000e+00
   5.9984445e+00   1.2746758e+00   0.0000000e+00
   5.5230051e+00   1.5362007e+00   0.0000000e+00
   5.9792216e+00   1.9813449e+00   0.0000000e+00
   6.1415443e+00   1.6493104e+00   0.0000000e+00
   5.7550954e+00   1.4807058e+00   0.0000000e+00
   5.9172298e+00   1.3413414e+00   0.0000000e+00
   6.0538311e+00   1.5576717e+00   0.0000000e+00
   5.8116577e+00   1.8563703e+00   0.0000000e+00
   6.0393046e+00   1.1182476e+00   0.0000000e+00
   5.4181023e+00   1.6286539e+00   0.0000000e+00
   6.2586483e+00   1.9301012e+00   0.0000000e+00
   5.5336531e+00   1.1627459e+00   0.0000000e+00
   5.2499074e+00   1.8980629e+00   0.0000000e+00
   6.3845745e+00   1.9067521e+00   0.0000000e+00
   5.8880456e+00   1.3627550e+00   0.0000000e+00
   6.0771224e+00   1.1488575e+00   0.0000000e+00
   5.8028595e+00   1.8310170e+00   0.0000000e+00
   5.5827958e+00   1.9663403e+00   0.0000000e+00
   4.8744540e+00   1.8901621e+00   0.0000000e+00
   6.1791976e+00   1.9586645e+00   0.0000000e+00
   5.8696604e+00   1.2821071e+00   0.0000000e+00
   5.9109300e+00   1.9044336e+00   0.0000000e+00
   6.1319619e+00   1.5013703e+00   0.0000000e+00
   5.5032280e+00   1.5122336e+00   0.0000000e+00
   5.7546942e+00   1.1685388e+00   0.0000000e+00
   6.4215647e+00   2.1026181e+00   0.0000000e+00
   6.2392526e+00   1.7833108e+00   0.0000000e+00
   5.5915516e+00   2.0778524e+00   0.0000000e+00
   5.2788575e+00   2.2600426e+00   0.0000000e+00
   5.8600638e+00   1.3378109e+00   0.0000000e+00
   6.1448988e+00   1.9656096e+00   0.0000000e+00
   6.4098319e+00   1.7408500e+00   0.0000000e+00
   6.1228039e+00   2.0701242e+00   0.0000000e+00
   5.7071909e+00   2.1426987e+00   0.0000000e+00
   6.2171552e+00   2.0470980e+00   0.0000000e+00
   5.7096828e+00   1.4787520e+00   0.0000000e+00
   5.7936617e+00   1.7256853e+00   0.0000000e+00
   5.9111927e+00   1.8675006e+00   0.0000000e+00
   5.7197122e+00   2.8856875e+00   0.0000000e+00
   6.0651622e+00   2.2147280e+00   0.0000000e+00
   5.8550175e+00   2.6029012e+00   0.0000000e+00
   6.0800099e+00   1.9410779e+00   0.0000000e+00
   6.0281525e+00   1.8755278e+00   0.0000000e+00
   6.0565752e+00   2.0214372e+00   0.0000000e+00
   6.0337614e+00   1.6276081e+00   0.0000000e+00
   6.6516540e+00   2.2524514e+00   0.0000000e+00
   6.4436068e+00   1.7683413e+00   0.0000000e+00
   6.2606753e+00   1.3484331e+00   0.0000000e+00
   5.7365686e+00   2.1397298e+00   0.0000000e+00
   5.6909689e+00   1.2917542e+00   0.0000000e+00
   5.5823367e+00   1.2011188e+00   0.0000000e+00
   7.1918185e+00   1.9534798e+00   0.0000000e+00
   6.6303312e+00   1.5257096e+00   0.0000000e+00
   6.3899433e+00   1.5458281e+00   0.0000000e+00
   5.9690158e+00   1.8140221e+00   0.0000000e+00
   5.9187725e+00   1.7057735e+00   0.0000000e+00
   6.5216738e+00   1.8051654e+00   0.0000000e+00
   6.8877794e+00   1.9846783e+00   0.0000000e+00
   5.7573297e+00   1.4868516e+00   0.0000000e+00
   6.2027109e+00   1.4738050e+00   0.0000000e+00
   6.3404978e+00   1.1739866e+00   0.0000000e+00
   5.6828010e+00   1.7788048e+00   0.0000000e+00
   6.6844360e+00   2.1545429e+00   0.0000000e+00
   6.2548694e+00   1.6829761e+00   0.0000000e+00
   7.0792633e+00   2.1110277e+00   0.0000000e+00
   6.2831854e+00   2.1315384e+00   0.0000000e+00
   6.5732137e+00   2.2961288e+00   0.0000000e+00
   6.0401501e+00   2.3026581e+00   0.0000000e+00
   6.2312977e+00   1.7223644e+00   0.0000000e+00
   6.0509470e+00   1.6707227e+00   0.0000000e+00
   6.6074013e+00   1.9947842e+00   0.0000000e+00
   6.9356438e+00   1.7524564e+00   0.0000000e+00
   6.2822254e+00   2.5009986e+00   0.0000000e+00
   6.6527314e+00   2.4829460e+00   0.0000000e+00
   6.3334731e+00   2.0408370e+00   0.0000000e+00
   6.5557377e+00   1.8656630e+00   0.0000000e+00
   6.9486877e+00   2.2016383e+00   0.0000000e+00
   6.5820990e+00   1.8009389e+00   0.0000000e+00
   6.1871048e+00   1.9947396e+00   0.0000000e+00
   6.2600139e+00   1.8607758e+00   0.0000000e+00
   6.5105440e+00   2.0914219e+00   0.0000000e+00
   6.5129161e+00   2.4575017e+00   0.0000000e+00
   6.2869647e+00   2.3306447e+00   0.0000000e+00
   6.6632324e+00   2.4793238e+00   0.0000000e+00
   7.0532850e+00   1.7672863e+00   0.0000000e+00
   6.5320907e+00   2.1588297e+00   0.0000000e+00
   6.5584005e+00   1.7602808e+00   0.0000000e+00
   5.8694673e+00   2.2477878e+00   0.0000000e+00
   6.3789204e+00   2.2358302e+00   0.0000000e+00
   6.1723546e+00   2.5843772e+00   0.0000000e+00
   6.5348179e+00   2.5243271e+00   0.0000000e+00
   6.8639552e+00   2.3772502e+00   0.0000000e+00
   7.2231442e+00   1.9809703e+00   0.0000000e+00
   7.3294731e+00   2.0003719e+00   0.0000000e+00
   6.6690905e+00   1.4582485e+00   0.0000000e+00
   6.6079313e+00   2.0288167e+00   0.0000000e+00
   7.0161307e+00   1.6523375e+00   0.0000000e+00
   6.9115557e+00   2.5303346e+00   0.0000000e+00
   7.0178379e+00   2.5303219e+00   0.0000000e+00
   7.0323977e+00   2.2729007e+00   0.0000000e+00
   6.2518932e+00   2.1020262e+00   0.0000000e+00
   6.9691274e+00   2.2946238e+00   0.0000000e+00
   6.7579613e+00   2.8165128e+00   0.0000000e+00
   6.5339117e+00   2.7372555e+00   0.0000000e+00
   6.5672416e+00   2.1185453e+00   0.0000000e+00
   7.2685102e+00   2.3450011e+00   0.0000000e+00
   6.5465918e+00   1.9045646e+00   0.0000000e+00
   6.4071136e+00   2.4478020e+00   0.0000000e+00
   6.9251403e+00   2.5771548e+00   0.0000000e+00
   7.5637701e+00   2.6445666e+00   0.0000000e+00
   6.8789441e+00   1.8048268e+00   0.0000000e+00
   6.9879048e+00   2.5287095e+00   0.0000000e+00
   6.5616135e+00   2.0610958e+00   0.0000000e+00
   7.4859756e+00   2.2433981e+00   0.0000000e+00
   6.9537459e+00   2.6627630e+00   0.0000000e+00
   7.1055354e+00   2.5032474e+00   0.0000000e+00
   6.5967761e+00   2.3536340e+00   0.0000000e+00
   7.2389150e+00   2.6355241e+00   0.0000000e+00
   7.0862010e+00   3.0076258e+00   0.0000000e+00
   6.5553996e+00   2.2298751e+00   0.0000000e+00
   6.9839090e+00   1.9882768e+00   0.0000000e+00
   6.8222905e+00   2.0669129e+00   0.0000000e+00
   7.0282368e+00   2.1562607e+00   0.0000000e+00
   6.9123065e+00   2.2650762e+00   0.0000000e+00
   6.9435344e+00   2.7152652e+00   0.0000000e+00
   6.6584803e+00   1.7970243e+00   0.0000000e+00
   6.9168478e+00   2.6234438e+00   0.0000000e+00
   7.3082844e+00   2.2824228e+00   0.0000000e+00
   7.6606356e+00   2.9539379e+00   0.0000000e+00
   6.6538180e+00   2.2840780e+00   0.0000000e+00
   7.9020941e+00   2.6008249e+00   0.0000000e+00
   7.6141273e+00   2.2849059e+00   0.0000000e+00
   7.1489776e+00   2.3896305e+00   0.0000000e+00
   6.9945777e+00   2.5524852e+00   0.0000000e+00
   6.8654710e+00   2.5790637e+00   0.0000000e+00
   7.4114697e+00   2.4913249e+00   0.0000000e+00
   6.8868882e+00   3.0860570e+00   0.0000000e+00
   6.9783410e+00   2.9001092e+00   0.0000000e+00
   7.4592660e+00   3.3735665e+00   0.0000000e+00
   7.3125805e+00   2.6442159e+00   0.0000000e+00
   7.4838616e+00   3.1319103e+00   0.0000000e+00
   7.3566562e+00   2.0415017e+00   0.0000000e+00
   7.0496860e+00   3.0176916e+00   0.0000000e+00
   7.0201532e+00   2.9425787e+00   0.0000000e+00
   7.4887287e+00   2.7003200e+00   0.0000000e+00
   6.9850834e+00   3.0937633e+00   0.0000000e+00
   7.6453307e+00   3.1770816e+00   0.0000000e+00
   7.5167457e+00   3.2516269e+00   0.0000000e+00
   7.3507025e+00   3.0572022e+00   0.0000000e+00
   7.2611291e+00   3.1415431e+00   0.0000000e+00
   7.3979660e+00   2.7166682e+00   0.0000000e+00
   8.5143372e+00   2.5912120e+00   0.0000000e+00
   7.2506472e+00   2.9033885e+00   0.0000000e+00
   6.7551921e+00   3.0854967e+00   0.0000000e+00
   7.9802858e+00   3.3768495e+00   0.0000000e+00
   7.5334461e+00   2.7918680e+00   0.0000000e+00
   7.1032309e+00   2.9225370e+00   0.0000000e+00
   8.2560672e+00   4.1610659e+00   0.0000000e+00
   7.5428326e+00   2.9291590e+00   0.0000000e+00
   7.4629713e+00   3.8472424e+00   0.0000000e+00
   7.0977547e+00   3.5407263e+00   0.0000000e+00
   7.0072745e+00   3.0395238e+00   0.0000000e+00
   6.7710551e+00   3.2292890e+00   0.0000000e+00
   7.2519782e+00   3.2246936e+00   0.0000000e+00
   7.0414141e+00   3.5009658e+00   0.0000000e+00
   7.6467143e+00   3.8505988e+00   0.0000000e+00
   7.3188301e+00   2.8393166e+00   0.0000000e+00
   8.0591470e+00   4.1638788e+00   0.0000000e+00
   7.9787038e+00   3.7747325e+00   0.0000000e+00
   7.5174036e+00   3.3624632e+00   0.0000000e+00
   7.3710327e+00   3.5697613e+00   0.0000000e+00
   7.8832580e+00   3.7892585e+00   0.0000000e+00
   7.0887223e+00   3.8802768e+00   0.0000000e+00
   7.7357945e+00   4.4202740e+00   0.0000000e+00
